0.000000	1.000000e+00	0.000000e+00	0.000000e+00	0.000000e+00	0.000000e+00	0.000000e+00	0.000000e+00	0.000000e+00	0.000000e+00	0.000000e+00	0.000000e+00	0.000000e+00	0.000000e+00	0.000000e+00	0.000000e+00	0.000000e+00	0.000000e+00	0.000000e+00	0.000000e+00	0.000000e+00	0.000000e+00	0.000000e+00	0.000000e+00	0.000000e+00	0.000000e+00	0.000000e+00
0.000400	9.672819e-01	3.227572e-02	4.393300e-04	3.066463e-06	1.452339e-08	5.579356e-11	1.937747e-13	6.367563e-16	1.991030e-18	5.889637e-21	1.639721e-23	4.279383e-26	1.042469e-28	2.358404e-31	4.925665e-34	9.431342e-37	1.641872e-39	2.572753e-42	3.583891e-45	4.368877e-48	4.565503e-51	3.976276e-54	2.770798e-57	1.448255e-60	5.047127e-64	8.795568e-68
0.000800	9.357609e-01	6.251186e-02	1.703270e-03	2.379322e-05	2.255341e-07	1.734231e-09	1.205769e-11	7.933094e-14	4.967047e-16	2.942446e-18	1.640740e-20	8.577315e-23	4.185860e-25	1.897323e-27	7.940364e-30	3.046856e-32	1.063093e-34	3.339136e-37	9.324928e-40	2.279114e-42	4.775742e-45	8.341336e-48	1.165793e-50	1.222277e-53	8.545315e-57	2.987841e-60
0.001200	9.053886e-01	9.081737e-02	3.714993e-03	7.789539e-05	1.108309e-06	1.279370e-08	1.335547e-10	1.319476e-12	1.240710e-14	1.103931e-16	9.246666e-19	7.262055e-21	5.324840e-23	3.626833e-25	2.281087e-27	1.315586e-29	6.900099e-32	3.258260e-34	1.368093e-36	5.028118e-39	1.584531e-41	4.162619e-44	8.751345e-47	1.380373e-49	1.452041e-52	7.639834e-56
0.001600	8.761189e-01	1.172955e-01	6.403037e-03	1.791313e-04	3.400622e-06	5.238199e-08	7.297919e-10	9.623945e-12	1.208045e-13	1.435042e-15	1.604974e-17	1.683269e-19	1.648401e-21	1.499675e-23	1.260015e-25	9.708859e-28	6.804097e-30	4.293566e-32	2.409442e-34	1.183657e-36	4.986453e-39	1.751377e-41	4.923354e-44	1.038502e-46	1.461052e-49	1.028248e-52
0.002000	8.479074e-01	1.420439e-01	9.700959e-03	3.394717e-04	8.061198e-06	1.553399e-07	2.707857e-09	4.468517e-11	7.019828e-13	1.043734e-14	1.461253e-16	1.918646e-18	2.352551e-20	2.680151e-22	2.820166e-24	2.721795e-26	2.389446e-28	1.889016e-30	1.328238e-32	8.176716e-35	4.317077e-37	1.900528e-39	6.697360e-42	1.771126e-44	3.124348e-47	2.757368e-50
0.002400	8.207118e-01	1.651553e-01	1.354701e-02	5.692552e-04	1.623244e-05	3.756632e-07	7.865719e-09	1.559307e-10	2.943064e-12	5.257953e-14	8.846202e-16	1.395990e-17	2.057471e-19	2.817815e-21	3.564821e-23	4.136945e-25	4.367513e-27	4.152760e-29	3.512311e-31	2.601138e-33	1.652317e-35	8.752837e-38	3.711941e-40	1.181467e-42	2.508756e-45	2.665462e-48
0.002800	7.944914e-01	1.867174e-01	1.788382e-02	8.773328e-04	2.920705e-05	7.892232e-07	1.929757e-08	4.468044e-10	9.850460e-12	2.055861e-13	4.041148e-15	7.451654e-17	1.283448e-18	2.054388e-20	3.037979e-22	4.121500e-24	5.087331e-26	5.656198e-28	5.594542e-30	4.845858e-32	3.600713e-34	2.231432e-36	1.107205e-38	4.123753e-41	1.024769e-43	1.274350e-46
0.003200	7.692075e-01	2.068133e-01	2.265814e-02	1.271200e-03	4.839819e-05	1.495836e-06	4.184038e-08	1.108351e-09	2.795976e-11	6.677849e-13	1.502328e-14	3.170892e-16	6.252123e-18	1.145787e-19	1.940125e-21	3.014226e-23	4.261258e-25	5.426901e-27	6.149267e-29	6.102575e-31	5.195971e-33	3.690203e-35	2.098626e-37	8.959692e-40	2.552537e-42	3.639432e-45
0.003600	7.448227e-01	2.255216e-01	2.782051e-02	1.757120e-03	7.531287e-05	2.620763e-06	8.254847e-08	2.462743e-09	6.997667e-11	1.882711e-12	4.771889e-14	1.134847e-15	2.521540e-17	5.208062e-19	9.940036e-21	1.740892e-22	2.774751e-24	3.984559e-26	5.091506e-28	5.698794e-30	5.473134e-32	4.385021e-34	2.813594e-36	1.355430e-38	4.357795e-41	7.012810e-44
0.004000	7.213016e-01	2.429170e-01	3.332509e-02	2.340234e-03	1.115283e-04	4.315710e-06	1.511850e-07	5.017098e-09	1.585881e-10	4.747161e-12	1.338829e-13	3.543305e-15	8.762445e-17	2.014541e-18	4.280361e-20	8.346589e-22	1.481352e-23	2.368993e-25	3.371567e-27	4.203618e-29	4.497632e-31	4.014948e-33	2.870669e-35	1.541223e-37	5.522999e-40	9.907716e-43
0.004400	6.986101e-01	2.590701e-01	3.912935e-02	3.024667e-03	1.586706e-04	6.759403e-06	2.607207e-07	9.527717e-09	3.316853e-10	1.093601e-11	3.397585e-13	9.906644e-15	2.699406e-16	6.839054e-18	1.601510e-19	3.442231e-21	6.734779e-23	1.187452e-24	1.863476e-26	2.562169e-28	3.023530e-30	2.977208e-32	2.348360e-34	1.391082e-36	5.500747e-39	1.089014e-41
0.004800	6.767156e-01	2.740479e-01	4.519390e-02	3.813625e-03	2.183968e-04	1.015778e-05	4.278316e-07	1.707466e-08	6.492403e-10	2.338319e-11	7.936563e-13	2.528474e-14	7.528736e-16	2.084607e-17	5.335616e-19	1.253644e-20	2.681575e-22	5.169727e-24	8.871836e-26	1.334102e-27	1.722027e-29	1.854954e-31	1.600813e-33	1.037610e-35	4.490170e-38	9.729447e-41
0.005200	6.555868e-01	2.879137e-01	5.148226e-02	4.709477e-03	2.923776e-04	1.474385e-05	6.733891e-07	2.914642e-08	1.202068e-09	4.696422e-11	1.729369e-12	5.978027e-14	1.931605e-15	5.804566e-17	1.612620e-18	4.113170e-20	9.552124e-22	1.999579e-23	3.726480e-25	6.086140e-27	8.533248e-29	9.985795e-31	9.363088e-33	6.594715e-35	3.101430e-37	7.304311e-40
0.005600	6.351938e-01	3.007275e-01	5.796067e-02	5.713840e-03	3.822834e-04	2.077732e-05	1.022937e-06	4.773434e-08	2.122698e-09	8.943133e-11	3.551611e-12	1.324230e-13	4.615776e-15	1.496475e-16	4.485986e-18	1.234757e-19	3.094834e-21	6.992974e-23	1.406894e-24	2.480834e-26	3.755927e-28	4.746643e-30	4.807047e-32	3.657338e-34	1.858213e-36	4.728593e-39
0.006000	6.155081e-01	3.125464e-01	6.459792e-02	6.827655e-03	4.897716e-04	2.854395e-05	1.507149e-06	7.543630e-08	3.598572e-09	1.626576e-10	6.931143e-12	2.773260e-13	1.037462e-14	3.610357e-16	1.161836e-17	3.433431e-19	9.240535e-21	2.242272e-22	4.845162e-24	9.177388e-26	1.492682e-27	2.026841e-29	2.205714e-31	1.803550e-33	9.849315e-36	2.694294e-38
0.006400	5.965022e-01	3.234243e-01	7.136516e-02	8.051250e-03	6.164753e-04	3.835466e-05	2.162267e-06	1.155691e-07	5.887761e-09	2.842519e-10	1.293883e-11	5.530887e-13	2.210770e-14	8.221324e-16	2.827549e-17	8.931417e-19	2.569625e-20	6.666463e-22	1.540296e-23	3.120023e-25	5.427542e-27	7.883294e-29	9.177916e-31	8.029439e-33	4.692240e-35	1.373700e-37
0.006800	5.781499e-01	3.334122e-01	7.823576e-02	9.384406e-03	7.639941e-04	5.054463e-05	3.030509e-06	1.722887e-07	9.337382e-09	4.796100e-10	2.322961e-11	1.056714e-12	4.495466e-14	1.779487e-15	6.515363e-17	2.191179e-18	6.712902e-20	1.854697e-21	4.564288e-23	9.848558e-25	1.825235e-26	2.824743e-28	3.504501e-30	3.267636e-32	2.035404e-34	6.352437e-37
0.007200	5.604260e-01	3.425587e-01	8.518514e-02	1.082641e-02	9.338854e-04	6.547208e-05	4.160460e-06	2.507186e-07	1.440489e-08	7.844735e-10	4.028932e-11	1.943643e-12	8.769975e-14	3.682448e-15	1.430382e-16	5.104072e-18	1.659315e-19	4.865480e-21	1.270909e-22	2.911102e-24	5.727988e-26	9.412741e-28	1.240146e-29	1.228133e-31	8.126122e-34	2.694327e-36
0.007600	5.433065e-01	3.509095e-01	9.219069e-02	1.237613e-02	1.127657e-03	8.351704e-05	5.607417e-06	3.570839e-07	2.168236e-08	1.248069e-09	6.775893e-11	3.455914e-12	1.648801e-13	7.321218e-15	3.007666e-16	1.135218e-17	3.904189e-19	1.211216e-20	3.347796e-22	8.115325e-24	1.690090e-25	2.939941e-27	4.100775e-29	4.299968e-31	3.012912e-33	1.058018e-35
0.008000	5.267683e-01	3.585084e-01	9.923154e-02	1.403201e-02	1.346763e-03	1.050800e-04	7.433721e-06	4.988518e-07	3.192397e-08	1.936907e-09	1.108534e-10	5.960898e-12	2.998727e-13	1.404190e-14	6.084149e-16	2.422322e-17	8.788606e-19	2.876751e-20	8.390474e-22	2.146523e-23	4.718427e-25	8.664424e-27	1.275959e-28	1.412740e-30	1.045362e-32	3.877156e-35
0.008400	5.107893e-01	3.653963e-01	1.062886e-01	1.579219e-02	1.592596e-03	1.305807e-04	9.709044e-06	6.848779e-07	4.607666e-08	2.939316e-09	1.768940e-10	1.000359e-11	5.293163e-13	2.607308e-14	1.188526e-15	4.978948e-17	1.900980e-18	6.548877e-20	2.010542e-21	5.414772e-23	1.253187e-24	2.423195e-26	3.758132e-28	4.382692e-30	3.416218e-32	1.334904e-34
0.008800	4.953483e-01	3.716126e-01	1.133441e-01	1.765447e-02	1.866485e-03	1.604561e-04	1.251065e-05	9.255558e-07	6.531423e-08	4.370805e-09	2.759750e-10	1.637600e-11	9.093199e-13	4.701077e-14	2.249427e-15	9.892677e-17	3.965718e-18	1.434612e-19	4.625512e-21	1.308464e-22	3.181182e-24	6.462623e-26	1.053167e-27	1.290707e-29	1.057430e-31	4.343432e-34
0.009200	4.804252e-01	3.771942e-01	1.203821e-01	1.961641e-02	2.169690e-03	1.951596e-04	1.592363e-05	1.232972e-06	9.107476e-08	6.380321e-09	4.217887e-10	2.620785e-11	1.524027e-12	8.252402e-14	4.136343e-15	1.905790e-16	8.004882e-18	3.034556e-19	1.025425e-20	3.040505e-22	7.749410e-24	1.650601e-25	2.820594e-27	3.625259e-29	3.115217e-31	1.342312e-33
0.009600	4.660003e-01	3.821763e-01	1.273877e-01	2.167531e-02	2.503401e-03	2.351593e-04	2.004108e-05	1.621060e-06	1.251016e-07	9.157507e-09	6.326346e-10	4.108346e-11	2.497241e-12	1.413627e-13	7.408198e-15	3.569175e-16	1.567834e-17	6.216537e-19	2.197464e-20	6.816860e-22	1.817964e-23	4.052225e-25	7.247437e-27	9.750642e-29	8.771847e-31	3.957520e-33
0.010000	4.520551e-01	3.865922e-01	1.343475e-01	2.382830e-02	2.868736e-03	2.809359e-04	2.496428e-05	2.105766e-06	1.694878e-07	1.294103e-08	9.326406e-10	6.319061e-11	4.007972e-12	2.367732e-13	1.295087e-14	6.513259e-16	2.986967e-17	1.236616e-18	4.564789e-20	1.478947e-21	4.119834e-23	9.593388e-25	1.792688e-26	2.520307e-28	2.369571e-30	1.117428e-32
0.010400	4.385717e-01	3.904734e-01	1.412491e-01	2.607232e-02	3.266739e-03	3.329821e-04	3.080283e-05	2.705202e-06	2.267242e-07	1.802810e-08	1.353226e-09	9.550771e-11	6.310957e-12	3.884568e-13	2.214134e-14	1.160524e-15	5.547442e-17	2.394199e-18	9.214372e-20	3.112967e-21	9.043488e-23	2.196445e-24	4.281574e-26	6.280020e-28	6.160915e-30	3.031950e-32
0.010800	4.255330e-01	3.938500e-01	1.480812e-01	2.840415e-02	3.698376e-03	3.918004e-04	3.767471e-05	3.439812e-06	2.997510e-07	2.478517e-08	1.934842e-09	1.420370e-10	9.763408e-12	6.252405e-13	3.708191e-14	2.022655e-15	1.006298e-16	4.520811e-18	1.811346e-19	6.371581e-21	1.927540e-22	4.875742e-24	9.900000e-26	1.512736e-27	1.546240e-29	7.929452e-32
0.011200	4.129226e-01	3.967503e-01	1.548337e-01	3.082047e-02	4.164541e-03	4.579018e-04	4.570640e-05	4.332533e-06	3.920125e-07	3.366008e-08	2.729021e-09	2.080923e-10	1.485949e-11	9.886742e-13	6.092948e-14	3.453843e-15	1.785991e-16	8.340614e-18	3.474316e-19	1.270746e-20	3.997763e-22	1.051755e-23	2.221409e-25	3.531304e-27	3.755669e-29	2.004250e-31
0.011600	4.007247e-01	3.992013e-01	1.614973e-01	3.331785e-02	4.666049e-03	5.318044e-04	5.503290e-05	5.408958e-06	5.075165e-07	4.519558e-08	3.800777e-09	3.006500e-10	2.227432e-11	1.537816e-12	9.835250e-14	5.786601e-15	3.106133e-16	1.505969e-17	6.513612e-19	2.474025e-20	8.083756e-22	2.209127e-23	4.847342e-25	8.006430e-27	8.848709e-29	4.907879e-31
0.012000	3.889241e-01	4.012285e-01	1.680637e-01	3.589276e-02	5.203641e-03	6.140319e-04	6.579772e-05	6.697494e-06	6.508957e-07	6.004428e-08	5.231389e-09	4.287757e-10	3.291950e-11	2.355530e-12	1.561570e-13	9.524627e-15	5.300903e-16	2.665070e-17	1.195460e-18	4.709733e-20	1.596405e-21	4.526344e-23	1.030592e-24	1.766602e-26	2.026547e-28	1.166832e-30
0.012400	3.775065e-01	4.028561e-01	1.745254e-01	3.854162e-02	5.777979e-03	7.051121e-04	7.815292e-05	8.229521e-06	8.274732e-07	7.898540e-08	7.121628e-09	6.041364e-10	4.801272e-11	3.556691e-12	2.441347e-13	1.541997e-14	8.888127e-16	4.628619e-17	2.150893e-18	8.779688e-20	3.083786e-21	9.061633e-23	2.138570e-24	3.800261e-26	4.519917e-28	2.698626e-30
0.012800	3.664579e-01	4.041072e-01	1.808755e-01	4.126081e-02	6.389653e-03	8.055755e-04	9.225898e-05	1.003955e-05	1.043332e-06	1.029430e-07	9.595442e-09	8.416128e-10	6.916416e-11	5.298764e-12	3.761996e-13	2.458044e-14	1.465856e-15	7.898876e-17	3.798603e-18	1.604850e-19	5.835112e-21	1.775173e-22	4.337980e-24	7.983034e-26	9.834150e-28	6.082228e-30
0.013200	3.557648e-01	4.050034e-01	1.871080e-01	4.404667e-02	7.039178e-03	9.159541e-04	1.082848e-04	1.216538e-05	1.305387e-06	1.330059e-07	1.280419e-08	1.160026e-09	9.848292e-11	7.795344e-12	5.718955e-13	3.861741e-14	2.380332e-15	1.325936e-16	6.592513e-18	2.879987e-19	1.082914e-20	3.407489e-22	8.613720e-24	1.639993e-25	2.090467e-27	1.338024e-29
0.013600	3.454147e-01	4.055656e-01	1.932176e-01	4.689549e-02	7.726995e-03	1.036780e-03	1.264077e-04	1.464825e-05	1.621459e-06	1.704501e-07	1.693140e-08	1.582993e-09	1.387073e-10	1.133332e-11	8.583787e-13	5.984714e-14	3.809376e-15	2.191561e-16	1.125526e-17	5.079586e-19	1.973444e-20	6.416808e-22	1.676448e-23	3.299269e-25	4.347679e-27	2.877260e-29
0.014000	3.353950e-01	4.058133e-01	1.991995e-01	4.980359e-02	8.453476e-03	1.168584e-03	1.468129e-04	1.753296e-05	2.000356e-06	2.167620e-07	2.219823e-08	2.139935e-09	1.933628e-10	1.629446e-11	1.272999e-12	9.156234e-14	6.013258e-15	3.569858e-16	1.892141e-17	8.814277e-19	3.535120e-20	1.186807e-21	3.201800e-23	6.507690e-25	8.857970e-27	6.056010e-29
0.014400	3.256941e-01	4.057650e-01	2.050495e-01	5.276728e-02	9.218919e-03	1.311894e-03	1.696940e-04	2.086806e-05	2.451951e-06	2.736645e-07	2.886952e-08	2.867241e-09	2.669535e-10	2.318241e-11	1.866639e-12	1.383951e-13	9.370090e-15	5.735537e-16	3.134913e-17	1.506148e-18	6.230956e-20	2.158050e-21	6.007148e-23	1.259958e-24	1.770033e-26	1.249152e-28
0.014800	3.163005e-01	4.054386e-01	2.107639e-01	5.578288e-02	1.002356e-02	1.467235e-03	1.952523e-04	2.470596e-05	2.987271e-06	3.431449e-07	3.726065e-08	3.809634e-09	3.651908e-10	3.265616e-11	2.707990e-12	2.067977e-13	1.442335e-14	9.096050e-16	5.122957e-17	2.536529e-18	1.081595e-19	3.861634e-21	1.108255e-22	2.396911e-24	3.472683e-26	2.527848e-28
0.015200	3.072035e-01	4.048506e-01	2.163397e-01	5.884671e-02	1.086755e-02	1.635128e-03	2.236968e-04	2.910307e-05	3.618579e-06	4.274849e-07	4.774512e-08	5.021736e-09	4.952673e-10	4.557131e-11	3.889000e-12	3.056748e-13	2.194634e-14	1.424921e-15	8.263434e-17	4.213494e-18	1.850511e-19	6.805875e-21	2.012340e-22	4.484617e-24	6.695982e-26	5.023889e-28
0.015600	2.983924e-01	4.040170e-01	2.217740e-01	6.195516e-02	1.175100e-02	1.816087e-03	2.552442e-04	3.411990e-05	4.359467e-06	5.292925e-07	6.076304e-08	6.569871e-09	6.661810e-10	6.303059e-11	5.531760e-12	4.472077e-13	3.302899e-14	2.206314e-15	1.316562e-16	6.908572e-18	3.122945e-19	1.182350e-20	3.599277e-22	8.259525e-24	1.270059e-25	9.815097e-28
0.016000	2.898574e-01	4.029528e-01	2.270647e-01	6.510461e-02	1.267393e-02	2.010620e-03	2.901183e-04	3.982124e-05	5.224946e-06	6.515370e-07	7.683051e-08	8.534126e-09	8.891188e-10	8.644547e-11	7.797149e-12	6.479215e-13	4.919361e-14	3.378636e-15	2.073178e-16	1.118836e-17	5.202201e-19	2.026172e-20	6.346241e-22	1.498619e-23	2.371699e-25	1.886666e-27
0.016400	2.815887e-01	4.016724e-01	2.322098e-01	6.829151e-02	1.363633e-02	2.219225e-03	3.285501e-04	4.627624e-05	6.231543e-06	7.975853e-07	9.654997e-08	1.101070e-08	1.177907e-09	1.176107e-10	1.089563e-11	9.300583e-13	7.254836e-14	5.119786e-15	3.228493e-16	1.790787e-17	8.559369e-19	3.427448e-20	1.103862e-21	2.680758e-23	4.363743e-25	3.571032e-27
0.016800	2.735770e-01	4.001893e-01	2.372079e-01	7.151235e-02	1.463811e-02	2.442395e-03	3.707773e-04	5.355852e-05	7.397396e-06	9.712411e-07	1.206216e-07	1.411459e-08	1.549539e-09	1.587942e-10	1.510065e-11	1.323330e-12	1.059890e-13	7.681053e-15	4.974689e-16	2.834455e-17	1.391840e-18	5.726695e-20	1.895386e-21	4.731022e-23	7.916563e-25	6.660664e-27
0.017200	2.658135e-01	3.985164e-01	2.420578e-01	7.476367e-02	1.567911e-02	2.680610e-03	4.170441e-04	6.174628e-05	8.742351e-06	1.176786e-06	1.498557e-07	1.798257e-08	2.024787e-09	2.128449e-10	2.076515e-11	1.867147e-12	1.534624e-13	1.141443e-14	7.588457e-16	4.438880e-17	2.238065e-18	9.456507e-20	3.214640e-21	8.242570e-23	1.417044e-24	1.225096e-26
0.017600	2.582896e-01	3.966658e-01	2.467586e-01	7.804207e-02	1.675914e-02	2.934342e-03	4.676013e-04	7.092239e-05	1.028807e-05	1.419026e-06	1.851866e-07	2.277664e-08	2.628918e-09	2.833214e-10	2.834190e-11	2.613426e-12	2.203091e-13	1.680910e-14	1.146478e-15	6.881298e-17	3.560557e-18	1.544146e-19	5.388492e-21	1.418537e-22	2.504211e-24	2.223486e-26
0.018000	2.509969e-01	3.946493e-01	2.513097e-01	8.134419e-02	1.787794e-02	3.204049e-03	5.227053e-04	8.117450e-05	1.205811e-05	1.703332e-06	2.276874e-07	2.868781e-08	3.392513e-09	3.746447e-10	3.840825e-11	3.630123e-12	3.137039e-13	2.453976e-14	1.716296e-15	1.056478e-16	5.607065e-18	2.494584e-19	8.931706e-21	2.412856e-22	4.371719e-24	3.984501e-26
0.018400	2.439277e-01	3.924776e-01	2.557109e-01	8.466676e-02	1.903521e-02	3.490179e-03	5.826183e-04	9.259510e-05	1.407807e-05	2.035696e-06	2.785862e-07	3.594041e-08	4.352419e-09	4.922793e-10	5.169626e-11	5.005634e-12	4.432228e-13	3.553030e-14	2.546887e-15	1.607055e-16	8.744248e-18	3.989024e-19	1.464706e-20	4.058463e-22	7.543341e-24	7.053993e-26
0.018800	2.370742e-01	3.901613e-01	2.599621e-01	8.800655e-02	2.023059e-02	3.793167e-03	6.476081e-04	1.052816e-04	1.637564e-05	2.422779e-06	3.392837e-07	4.479683e-08	5.552834e-09	6.429464e-10	6.912919e-11	6.854273e-12	6.215641e-13	5.103716e-14	3.747867e-15	2.423013e-16	1.351023e-17	6.316659e-19	2.377486e-20	6.753716e-22	1.287142e-23	1.234378e-25
0.019200	2.304291e-01	3.877103e-01	2.640635e-01	9.136043e-02	2.146367e-02	4.113434e-03	7.179471e-04	1.193364e-04	1.898077e-05	2.871963e-06	4.113722e-07	5.556289e-08	7.046553e-09	8.348739e-10	9.186540e-11	9.323036e-12	8.654644e-13	7.275782e-14	5.471048e-15	3.622425e-16	2.068848e-17	9.909266e-19	3.821437e-20	1.112432e-21	2.172940e-23	2.136136e-25
0.019600	2.239855e-01	3.851338e-01	2.680153e-01	9.472530e-02	2.273400e-02	4.451387e-03	7.939129e-04	1.348670e-04	2.192570e-05	3.391412e-06	4.966565e-07	6.859369e-08	8.896383e-09	1.078089e-09	1.213511e-10	1.259993e-11	1.196854e-12	1.029712e-13	7.925272e-15	5.371744e-16	3.141103e-17	1.540631e-18	6.084917e-20	1.814430e-21	3.630962e-23	3.657464e-25
0.020000	2.177364e-01	3.824409e-01	2.718183e-01	9.809817e-02	2.404108e-02	4.807419e-03	8.757871e-04	1.519860e-04	2.524516e-05	3.990129e-06	5.971756e-07	8.430019e-08	1.117675e-08	1.384761e-09	1.593832e-10	1.692417e-11	1.644308e-12	1.447183e-13	1.139599e-14	7.904015e-16	4.730151e-17	2.374753e-18	9.602160e-20	2.931685e-21	6.008014e-23	6.198570e-25
0.020400	2.116753e-01	3.796400e-01	2.754732e-01	1.014761e-01	2.538438e-02	5.181906e-03	9.638555e-04	1.708109e-04	2.897637e-05	4.678018e-06	7.152269e-07	1.031564e-07	1.397555e-08	1.769596e-09	2.081845e-10	2.259862e-11	2.244859e-12	2.020340e-13	1.627092e-14	1.154336e-15	7.067245e-17	3.630372e-18	1.502197e-19	4.694284e-21	9.847977e-23	1.040261e-24
0.020800	2.057961e-01	3.767390e-01	2.789807e-01	1.048562e-01	2.676332e-02	5.575210e-03	1.058407e-03	1.914648e-04	3.315926e-05	5.465949e-06	8.533916e-07	1.257074e-07	1.739617e-08	2.250294e-09	2.704926e-10	3.000494e-11	3.046258e-12	2.802416e-13	2.307362e-14	1.673774e-15	1.047953e-16	5.506019e-18	2.330647e-19	7.451631e-21	1.599674e-22	1.729421e-24
0.021200	2.000925e-01	3.737455e-01	2.823421e-01	1.082357e-01	2.817728e-02	5.987676e-03	1.159736e-03	2.140757e-04	3.783649e-05	6.365825e-06	1.014562e-06	1.525780e-07	2.155984e-08	2.848082e-09	3.496646e-10	3.962183e-11	4.109767e-12	3.863277e-13	3.250699e-14	2.410247e-15	1.542685e-16	8.287269e-18	3.587215e-19	1.173030e-20	2.575948e-22	2.849218e-24
0.021600	1.945588e-01	3.706667e-01	2.855585e-01	1.116119e-01	2.962561e-02	6.419633e-03	1.268136e-03	2.387770e-04	4.305360e-05	7.390650e-06	1.201972e-06	1.844824e-07	2.660823e-08	3.588323e-09	4.498016e-10	5.204713e-11	5.513610e-12	5.294143e-13	4.550958e-14	3.447786e-15	2.255153e-16	1.238221e-17	5.479001e-19	1.831811e-20	4.113459e-22	4.653362e-24
0.022000	1.891894e-01	3.675095e-01	2.886312e-01	1.149822e-01	3.110761e-02	6.871391e-03	1.383906e-03	2.657072e-04	4.885911e-05	8.554605e-06	1.419225e-06	2.222345e-07	3.270639e-08	4.501212e-09	5.758936e-10	6.802433e-11	7.357217e-12	7.213533e-13	6.332799e-14	4.900500e-15	3.274544e-16	1.837031e-17	8.306780e-19	2.838545e-20	6.515954e-22	7.536438e-24
0.022400	1.839789e-01	3.642803e-01	2.915616e-01	1.183439e-01	3.262258e-02	7.343246e-03	1.507348e-03	2.950101e-04	5.530464e-05	9.873121e-06	1.670333e-06	2.667598e-07	4.004603e-08	5.622580e-09	7.339898e-10	8.847425e-11	9.766414e-12	9.774706e-13	8.760956e-14	6.922505e-15	4.723988e-16	2.706940e-17	1.250459e-18	4.365941e-20	1.024184e-21	1.210758e-23
0.022800	1.789220e-01	3.609852e-01	2.943512e-01	1.216947e-01	3.416974e-02	7.835472e-03	1.638761e-03	3.268347e-04	6.244497e-05	1.136295e-05	1.959745e-06	3.191074e-07	4.884913e-08	6.994803e-09	9.313973e-10	1.145329e-10	1.289976e-11	1.317494e-12	1.205206e-13	9.720869e-15	6.772535e-16	3.962700e-17	1.869487e-18	6.667200e-20	1.597823e-21	1.930044e-23
0.023200	1.740137e-01	3.576301e-01	2.970016e-01	1.250320e-01	3.574833e-02	8.348329e-03	1.778452e-03	3.613352e-04	7.033822e-05	1.304227e-05	2.292390e-06	3.804639e-07	5.937205e-08	8.667845e-09	1.176912e-09	1.475966e-10	1.695624e-11	1.766705e-12	1.648963e-13	1.357241e-14	9.651039e-16	5.764410e-17	2.776503e-18	1.011121e-19	2.474832e-21	3.053628e-23
0.023600	1.692493e-01	3.542204e-01	2.995146e-01	1.283536e-01	3.735753e-02	8.882055e-03	1.926723e-03	3.986712e-04	7.904587e-05	1.493072e-05	2.673716e-06	4.521679e-07	7.191000e-08	1.070044e-08	1.481087e-09	1.893752e-10	2.218459e-11	2.357368e-12	2.244309e-13	1.884540e-14	1.367314e-15	8.334223e-17	4.097284e-18	1.523216e-19	3.806608e-21	4.796428e-23
0.024000	1.646240e-01	3.507613e-01	3.018918e-01	1.316572e-01	3.899650e-02	9.436872e-03	2.083881e-03	4.390071e-04	8.863293e-05	1.704954e-05	3.109728e-06	5.357264e-07	8.680210e-08	1.316141e-08	1.856542e-09	2.419553e-10	2.889459e-11	3.130486e-12	3.039163e-13	2.602747e-14	1.926283e-15	1.197879e-16	6.009130e-18	2.279911e-19	5.815811e-21	7.481370e-23
0.024400	1.601333e-01	3.472578e-01	3.041352e-01	1.349406e-01	4.066438e-02	1.001298e-02	2.250231e-03	4.825127e-04	9.916800e-05	1.942161e-05	3.607038e-06	6.328315e-07	1.044369e-07	1.613122e-08	2.318324e-09	3.078745e-10	3.747055e-11	4.137967e-12	4.095422e-13	3.576145e-14	2.699054e-15	1.711923e-16	8.760626e-18	3.391309e-19	8.827963e-21	1.159067e-22
0.024800	1.557730e-01	3.437146e-01	3.062466e-01	1.382016e-01	4.236029e-02	1.061057e-02	2.426079e-03	5.293627e-04	1.107234e-04	2.207158e-05	4.172909e-06	7.453797e-07	1.252583e-07	1.970361e-08	2.884316e-09	3.902090e-10	4.838763e-11	5.445267e-12	5.492713e-13	4.889098e-14	3.762020e-15	2.433107e-16	1.269851e-17	5.014176e-19	1.331628e-20	1.784013e-22
0.025200	1.515387e-01	3.401361e-01	3.082279e-01	1.414384e-01	4.408331e-02	1.122979e-02	2.611729e-03	5.797369e-04	1.233753e-04	2.502593e-05	4.815305e-06	8.754917e-07	1.497727e-07	2.398760e-08	3.575713e-09	4.926759e-10	6.223129e-11	7.134629e-12	7.333064e-13	6.651864e-14	5.217022e-15	3.439711e-16	1.830400e-17	7.370555e-19	1.996489e-20	2.728617e-22
0.025600	1.474267e-01	3.365265e-01	3.100811e-01	1.446488e-01	4.583253e-02	1.187080e-02	2.807485e-03	6.338199e-04	1.372035e-04	2.831308e-05	5.542944e-06	1.025534e-06	1.785560e-07	2.910957e-08	4.417567e-09	6.197531e-10	7.972046e-11	9.309014e-12	9.746708e-13	9.007955e-14	7.199249e-15	4.837720e-16	2.624176e-17	1.077335e-18	2.975757e-20	4.147929e-22
0.026000	1.434328e-01	3.328898e-01	3.118083e-01	1.478309e-01	4.760699e-02	1.253371e-02	3.013650e-03	6.918013e-04	1.522923e-04	3.196348e-05	6.365349e-06	1.198142e-06	2.122619e-07	3.521570e-08	5.439401e-09	7.768190e-10	1.017352e-10	1.209688e-11	1.289927e-12	1.214343e-13	9.887400e-15	6.769998e-16	3.742554e-17	1.566134e-18	4.410175e-20	6.268283e-22
0.026400	1.395534e-01	3.292296e-01	3.134114e-01	1.509830e-01	4.940572e-02	1.321864e-02	3.230525e-03	7.538755e-04	1.687295e-04	3.600972e-05	7.292913e-06	1.396247e-06	2.516309e-07	4.247466e-08	6.675923e-09	9.703152e-10	1.293493e-10	1.565794e-11	1.700061e-12	1.629858e-13	1.351673e-14	9.428291e-16	5.310582e-17	2.264690e-18	6.500093e-20	9.418362e-22
0.026800	1.357850e-01	3.255496e-01	3.148927e-01	1.541033e-01	5.122776e-02	1.392567e-02	3.458408e-03	8.202413e-04	1.866074e-04	4.048661e-05	8.336950e-06	1.623099e-06	2.974997e-07	5.108063e-08	8.167829e-09	1.207935e-09	1.638693e-10	2.019017e-11	2.231575e-12	2.178261e-13	1.839575e-14	1.306888e-15	7.498646e-17	3.258079e-18	9.529336e-20	1.407306e-21
0.027200	1.321239e-01	3.218531e-01	3.162540e-01	1.571901e-01	5.307210e-02	1.465486e-02	3.697597e-03	8.911024e-04	2.060226e-04	4.543131e-05	9.509764e-06	1.882300e-06	3.508123e-07	6.125665e-08	9.962721e-09	1.498842e-09	2.068801e-10	2.593815e-11	2.917823e-12	2.899194e-13	2.492747e-14	1.803295e-15	1.053792e-16	4.663957e-18	1.389811e-19	2.091520e-21
0.027600	1.285668e-01	3.181433e-01	3.174977e-01	1.602417e-01	5.493773e-02	1.540626e-02	3.948384e-03	9.666667e-04	2.270757e-04	5.088338e-05	1.082471e-05	2.177830e-06	4.126312e-07	7.325837e-08	1.211614e-08	1.853922e-09	2.602987e-10	3.320315e-11	3.800643e-12	3.843310e-13	3.363643e-14	2.477291e-15	1.474076e-16	6.644352e-18	2.016815e-19	3.092190e-21
0.028000	1.251105e-01	3.144232e-01	3.186258e-01	1.632566e-01	5.682363e-02	1.617990e-02	4.211060e-03	1.047147e-03	2.498720e-04	5.688495e-05	1.229628e-05	2.514085e-06	4.841505e-07	8.737812e-08	1.469275e-08	2.286076e-09	3.264376e-10	4.235516e-11	4.932353e-12	5.075106e-13	4.520289e-14	3.388640e-15	2.052756e-16	9.421447e-18	2.912452e-19	4.548502e-21
0.028400	1.217518e-01	3.106956e-01	3.196405e-01	1.662333e-01	5.872876e-02	1.697578e-02	4.485910e-03	1.132758e-03	2.745211e-04	6.348080e-05	1.394013e-05	2.895906e-06	5.667090e-07	1.039496e-07	1.776764e-08	2.810552e-09	4.080790e-10	5.384726e-11	6.378173e-12	6.676444e-13	6.050602e-14	4.616002e-15	2.846189e-16	1.329869e-17	4.185965e-19	6.657837e-21
0.028800	1.184878e-01	3.069633e-01	3.205439e-01	1.691703e-01	6.065209e-02	1.779389e-02	4.773218e-03	1.223723e-03	3.011372e-04	7.071844e-05	1.577322e-05	3.328621e-06	6.618060e-07	1.233529e-07	2.142786e-08	3.445332e-09	5.085613e-10	6.823276e-11	8.219167e-12	8.750890e-13	8.067818e-14	6.262540e-15	3.929644e-16	1.868886e-17	5.988743e-19	9.698896e-21
0.029200	1.153155e-01	3.032286e-01	3.213383e-01	1.720663e-01	6.259256e-02	1.863419e-02	5.073262e-03	1.320265e-03	3.298391e-04	7.864825e-05	1.781383e-05	3.818082e-06	7.711165e-07	1.460201e-07	2.577407e-08	4.211573e-09	6.318807e-10	8.618550e-11	1.055579e-11	1.142907e-12	1.071732e-13	8.463080e-15	5.403283e-16	2.615136e-17	8.529742e-19	1.406356e-20
0.029600	1.122320e-01	2.994941e-01	3.220256e-01	1.749200e-01	6.454910e-02	1.949663e-02	5.386314e-03	1.422612e-03	3.607503e-04	8.732361e-05	2.008167e-05	4.370707e-06	8.965096e-07	1.724415e-07	3.092243e-08	5.134107e-09	7.828084e-10	1.085240e-10	1.351221e-11	1.487526e-12	1.418514e-13	1.139324e-14	7.399924e-16	3.644141e-17	1.209625e-18	2.030058e-20
0.030000	1.092347e-01	2.957619e-01	3.226082e-01	1.777300e-01	6.652065e-02	2.038115e-02	5.712642e-03	1.530996e-03	3.939987e-04	9.680094e-05	2.259799e-05	4.993526e-06	1.040067e-06	2.031725e-07	3.700675e-08	6.242021e-09	9.670280e-10	1.362399e-10	1.724141e-11	1.929541e-12	1.870863e-13	1.528104e-14	1.009508e-15	5.057498e-17	1.708176e-18	2.917541e-20
0.030400	1.063210e-01	2.920342e-01	3.230882e-01	1.804953e-01	6.850613e-02	2.128763e-02	6.052510e-03	1.645653e-03	4.297175e-04	1.071399e-04	2.538558e-05	5.694225e-06	1.204103e-06	2.388409e-07	4.418083e-08	7.569311e-09	1.191294e-09	1.705316e-10	2.193148e-11	2.494702e-12	2.458970e-13	2.042156e-14	1.371989e-15	6.991395e-17	2.402325e-18	4.175157e-20
0.030800	1.034881e-01	2.883130e-01	3.234677e-01	1.832146e-01	7.050447e-02	2.221598e-02	6.406172e-03	1.766820e-03	4.680442e-04	1.184034e-04	2.846898e-05	6.481199e-06	1.391188e-06	2.801554e-07	5.262112e-08	9.155626e-09	1.463616e-09	2.128442e-10	2.781299e-11	3.215117e-12	3.221120e-13	2.719552e-14	1.857781e-15	9.627772e-17	3.365088e-18	5.950131e-20
0.031200	1.007339e-01	2.846002e-01	3.237488e-01	1.858869e-01	7.251457e-02	2.316606e-02	6.773880e-03	1.894741e-03	5.091214e-04	1.306578e-04	3.187445e-05	7.363602e-06	1.604170e-06	3.279142e-07	6.252969e-08	1.104712e-08	1.793469e-09	2.649155e-10	3.516789e-11	4.130709e-12	4.205733e-13	3.609264e-14	2.506591e-15	1.320888e-16	4.695402e-18	8.445520e-20
0.031600	9.805572e-02	2.808974e-01	3.239338e-01	1.885111e-01	7.453535e-02	2.413772e-02	7.155877e-03	2.029658e-03	5.530964e-04	1.439731e-04	3.563017e-05	8.351405e-06	1.846204e-06	3.830156e-07	7.413754e-08	1.329739e-08	2.192042e-09	3.288310e-10	4.434015e-11	5.290994e-12	5.473870e-13	4.774100e-14	3.370222e-15	1.805622e-16	6.526879e-18	1.194040e-19
0.032000	9.545143e-02	2.772065e-01	3.240246e-01	1.910863e-01	7.656571e-02	2.513078e-02	7.552399e-03	2.171818e-03	6.001215e-04	1.584227e-04	3.976626e-05	9.455452e-06	2.120773e-06	4.464682e-07	8.770823e-08	1.596862e-08	2.672515e-09	4.070880e-10	5.574836e-11	6.757228e-12	7.102329e-13	6.294389e-14	4.516051e-15	2.459517e-16	9.039361e-18	1.681702e-19
0.032400	9.291877e-02	2.735289e-01	3.240235e-01	1.936116e-01	7.860457e-02	2.614507e-02	7.963674e-03	2.321472e-03	6.503538e-04	1.740839e-04	4.431494e-05	1.068752e-05	2.431726e-06	5.194027e-07	1.035420e-07	1.913272e-08	3.250388e-09	5.026699e-10	6.990074e-11	8.605000e-12	9.187449e-13	8.272575e-14	6.031454e-15	3.338675e-16	1.247414e-17	2.359715e-19
0.032800	9.045560e-02	2.698661e-01	3.239325e-01	1.960859e-01	8.065083e-02	2.718036e-02	8.389925e-03	2.478871e-03	7.039555e-04	1.910379e-04	4.931060e-05	1.206040e-05	2.783302e-06	6.030854e-07	1.219803e-07	2.287280e-08	3.943846e-09	6.191334e-10	8.741295e-11	1.092736e-11	1.184977e-12	1.083896e-13	8.029426e-15	4.516875e-16	1.715393e-17	3.299076e-19
0.033200	8.805985e-02	2.662195e-01	3.237537e-01	1.985086e-01	8.270339e-02	2.823644e-02	8.831363e-03	2.644268e-03	7.610936e-04	2.093699e-04	5.478991e-05	1.358792e-05	3.180166e-06	6.989316e-07	1.434107e-07	2.728467e-08	4.774191e-09	7.607102e-10	1.090291e-10	1.383861e-11	1.523972e-12	1.415883e-13	1.065568e-14	6.090854e-16	2.350909e-17	4.596075e-19
0.033600	8.572950e-02	2.625904e-01	3.234891e-01	2.008789e-01	8.476116e-02	2.931305e-02	9.288195e-03	2.817919e-03	8.219399e-04	2.291691e-04	6.079194e-05	1.528509e-05	3.627450e-06	8.085212e-07	1.682726e-07	3.247862e-08	5.766323e-09	9.324249e-10	1.356468e-10	1.747876e-11	1.954463e-12	1.844134e-13	1.409763e-14	8.187095e-16	3.211171e-17	6.380910e-19
0.034000	8.346264e-02	2.589799e-01	3.231408e-01	2.031959e-01	8.682304e-02	3.040993e-02	9.760614e-03	3.000080e-03	8.866711e-04	2.505288e-04	6.735828e-05	1.716811e-05	4.130784e-06	9.336151e-07	1.970633e-07	3.858138e-08	6.949296e-09	1.140231e-09	1.683462e-10	2.201903e-11	2.499713e-12	2.395047e-13	1.859566e-14	1.097052e-15	4.372024e-17	8.829090e-19
0.034400	8.125737e-02	2.553893e-01	3.227108e-01	2.054591e-01	8.888795e-02	3.152680e-02	1.024881e-02	3.191009e-03	9.554692e-04	2.735469e-04	7.453314e-05	1.925446e-05	4.696342e-06	1.076174e-06	2.303447e-07	4.573834e-08	8.356953e-09	1.391171e-09	2.084247e-10	2.766828e-11	3.188555e-12	3.101855e-13	2.445733e-14	1.465557e-15	5.933725e-17	1.217652e-18
0.034800	7.911188e-02	2.518196e-01	3.222010e-01	2.076677e-01	9.095480e-02	3.266335e-02	1.075296e-02	3.390966e-03	1.028520e-03	2.983254e-04	8.236346e-05	2.156303e-05	5.330884e-06	1.238375e-06	2.687507e-07	5.411604e-08	1.002864e-08	1.693557e-09	2.574374e-10	3.468073e-11	4.056636e-12	4.006306e-13	3.207516e-14	1.952041e-15	8.028440e-17	1.673935e-18
0.035200	7.702442e-02	2.482717e-01	3.216136e-01	2.098212e-01	9.302249e-02	3.381928e-02	1.127322e-02	3.600209e-03	1.106016e-03	3.249710e-04	9.089909e-05	2.411416e-05	6.041807e-06	1.422640e-06	3.129957e-07	6.390490e-08	1.201004e-08	2.057184e-09	3.172450e-10	4.336525e-11	5.147935e-12	5.160711e-13	4.194886e-14	2.592482e-15	1.082994e-16	2.294014e-18
0.035600	7.499330e-02	2.447466e-01	3.209503e-01	2.119190e-01	9.508994e-02	3.499423e-02	1.180976e-02	3.818999e-03	1.188153e-03	3.535950e-04	1.001928e-04	2.692971e-05	6.837186e-06	1.631647e-06	3.638833e-07	7.532233e-08	1.435408e-08	2.493573e-09	3.900688e-10	5.409624e-11	6.516591e-12	6.630478e-13	5.471309e-14	3.433312e-15	1.456608e-16	3.134208e-18
0.036000	7.301687e-02	2.412452e-01	3.202132e-01	2.139606e-01	9.715608e-02	3.618785e-02	1.236273e-02	4.047596e-03	1.275131e-03	3.843133e-04	1.103006e-04	3.003324e-05	7.725837e-06	1.868367e-06	4.223165e-07	8.861621e-08	1.712198e-08	3.016252e-09	4.785566e-10	6.732671e-11	8.229113e-12	8.497200e-13	7.117205e-14	4.534295e-15	1.953490e-16	4.269381e-18
0.036400	7.109353e-02	2.377681e-01	3.194041e-01	2.159455e-01	9.921983e-02	3.739978e-02	1.293225e-02	4.286260e-03	1.367157e-03	4.172467e-04	1.212816e-04	3.345000e-05	8.717365e-06	2.136083e-06	4.893081e-07	1.040687e-07	2.038447e-08	3.641077e-09	5.858579e-10	8.360368e-11	1.036703e-11	1.086245e-12	9.234240e-14	5.972182e-15	2.612526e-16	5.798794e-18
0.036800	6.922176e-02	2.343162e-01	3.185250e-01	2.178733e-01	1.012801e-01	3.862962e-02	1.351846e-02	4.535249e-03	1.464439e-03	4.525209e-04	1.331984e-04	3.720711e-05	9.822229e-06	2.438421e-06	5.659932e-07	1.220005e-07	2.422313e-08	4.386602e-09	7.157129e-10	1.035864e-10	1.303011e-11	1.385240e-12	1.195066e-13	7.845305e-15	3.484327e-16	7.853719e-18
0.037200	6.740006e-02	2.308901e-01	3.175776e-01	2.197435e-01	1.033359e-01	3.987696e-02	1.412146e-02	4.794824e-03	1.567194e-03	4.902666e-04	1.461170e-04	4.133364e-05	1.105180e-05	2.779381e-06	6.536419e-07	1.427757e-07	2.873187e-08	5.274503e-09	8.725554e-10	1.280682e-10	1.634016e-11	1.762345e-12	1.542788e-13	1.027936e-14	4.634606e-16	1.060733e-17
0.037600	6.562699e-02	2.274905e-01	3.165638e-01	2.215559e-01	1.053861e-01	4.114139e-02	1.474137e-02	5.065240e-03	1.675640e-03	5.306195e-04	1.601071e-04	4.586071e-05	1.241844e-05	3.163371e-06	7.536735e-07	1.668070e-07	3.401867e-08	6.330065e-09	1.061632e-09	1.580013e-10	2.044562e-11	2.236908e-12	1.986864e-13	1.343465e-14	6.148496e-16	1.428755e-17
0.038000	6.390115e-02	2.241180e-01	3.154854e-01	2.233099e-01	1.074296e-01	4.242246e-02	1.537826e-02	5.346755e-03	1.790000e-03	5.737206e-04	1.752423e-04	5.082162e-05	1.393555e-05	3.595242e-06	8.676722e-07	1.945614e-07	4.020753e-08	7.582729e-09	1.289142e-09	1.945275e-10	2.552708e-11	2.832819e-12	2.552705e-13	1.751522e-14	8.136025e-16	1.919358e-17
0.038400	6.222119e-02	2.207730e-01	3.143442e-01	2.250055e-01	1.094655e-01	4.371972e-02	1.603221e-02	5.639622e-03	1.910502e-03	6.197159e-04	1.915999e-04	5.625195e-05	1.561766e-05	4.080326e-06	9.974039e-07	2.265670e-07	4.744057e-08	9.066732e-09	1.562397e-09	2.390131e-10	3.180381e-11	3.579516e-12	3.272097e-13	2.278016e-14	1.073909e-15	2.571741e-17
0.038800	6.058581e-02	2.174561e-01	3.131420e-01	2.266422e-01	1.114926e-01	4.503269e-02	1.670330e-02	5.944094e-03	2.037378e-03	6.687570e-04	2.092614e-04	6.218971e-05	1.748052e-05	4.624480e-06	1.144835e-06	2.634199e-07	5.588051e-08	1.082182e-08	1.890005e-09	2.930899e-10	3.954157e-11	4.513205e-12	4.184720e-13	2.955784e-14	1.414030e-15	3.437130e-17
0.039200	5.899372e-02	2.141677e-01	3.118804e-01	2.282200e-01	1.135100e-01	4.636089e-02	1.739157e-02	6.260421e-03	2.170863e-03	7.210005e-04	2.283125e-04	6.867543e-05	1.954116e-05	5.234127e-06	1.312152e-06	3.057923e-07	6.571337e-08	1.289408e-08	2.282091e-09	3.587045e-10	4.906188e-11	5.678337e-12	5.340013e-13	3.826358e-14	1.857413e-15	4.582330e-17
0.039600	5.744372e-02	2.109082e-01	3.105612e-01	2.297384e-01	1.155167e-01	4.770382e-02	1.809705e-02	6.588848e-03	2.311198e-03	7.766089e-04	2.488432e-04	7.575231e-05	2.181797e-05	5.916305e-06	1.501785e-06	3.544411e-07	7.715155e-08	1.533685e-08	2.750538e-09	4.381741e-10	6.075312e-11	7.129383e-12	6.799457e-13	4.942157e-14	2.434106e-15	6.094271e-17
0.040000	5.593460e-02	2.076780e-01	3.091860e-01	2.311975e-01	1.175116e-01	4.906095e-02	1.881979e-02	6.929621e-03	2.458624e-03	8.357498e-04	2.709479e-04	8.346638e-05	2.433083e-05	6.678718e-06	1.716427e-06	4.102177e-07	9.043719e-08	1.821179e-08	3.309274e-09	5.342537e-10	7.508356e-11	8.932975e-12	8.639366e-13	6.369221e-14	3.182536e-15	8.085836e-17
0.040400	5.446521e-02	2.044773e-01	3.077565e-01	2.325971e-01	1.194936e-01	5.043175e-02	1.955978e-02	7.282978e-03	2.613390e-03	8.985965e-04	2.947258e-04	9.186659e-05	2.710117e-05	7.529789e-06	1.959067e-06	4.740783e-07	1.058460e-07	2.159010e-08	3.974605e-09	6.502130e-10	9.261689e-11	1.117048e-11	1.095430e-12	8.190587e-14	4.151749e-15	1.070330e-16
0.040800	5.303443e-02	2.013066e-01	3.062743e-01	2.339370e-01	1.214619e-01	5.181568e-02	2.031703e-02	7.649157e-03	2.775745e-03	9.653279e-04	3.202807e-04	1.010050e-04	3.015210e-05	8.478722e-06	2.233010e-06	5.470960e-07	1.236917e-07	2.555382e-08	4.765585e-09	7.899269e-10	1.140306e-10	1.394110e-11	1.386119e-12	1.051047e-13	5.404219e-15	1.413584e-16
0.041200	5.164119e-02	1.981661e-01	3.047409e-01	2.352171e-01	1.234155e-01	5.321216e-02	2.109151e-02	8.028389e-03	2.945942e-03	1.036128e-03	3.477215e-04	1.109368e-04	3.350849e-05	9.535555e-06	2.541914e-06	6.304733e-07	1.443304e-07	3.019745e-08	5.704451e-09	9.579803e-10	1.401376e-10	1.736555e-11	1.750442e-12	1.345942e-13	7.019382e-15	1.862762e-16
0.041600	5.028443e-02	1.950560e-01	3.031581e-01	2.364375e-01	1.253532e-01	5.462063e-02	2.188320e-02	8.420902e-03	3.124237e-03	1.111188e-03	3.771619e-04	1.217208e-04	3.719709e-05	1.071124e-05	2.889818e-06	7.255564e-07	1.681661e-07	3.562961e-08	6.817123e-09	1.159791e-09	1.719119e-10	2.159051e-11	2.206196e-12	1.720072e-13	9.098044e-15	2.449317e-16
0.042000	4.896313e-02	1.919764e-01	3.015273e-01	2.375980e-01	1.272743e-01	5.604049e-02	2.269206e-02	8.826918e-03	3.310890e-03	1.190703e-03	4.087209e-04	1.334191e-04	4.124667e-05	1.201769e-05	3.281179e-06	8.338506e-07	1.956567e-07	4.197502e-08	8.133766e-09	1.401750e-09	2.105184e-10	2.679394e-11	2.775277e-12	2.193815e-13	1.176790e-14	3.213690e-16
0.042400	4.767631e-02	1.889277e-01	2.998500e-01	2.386987e-01	1.291777e-01	5.747114e-02	2.351801e-02	9.246653e-03	3.506162e-03	1.274873e-03	4.425230e-04	1.460977e-04	4.568811e-05	1.346788e-05	3.720913e-06	9.570370e-07	2.273203e-07	4.937674e-08	9.689439e-09	1.691389e-09	2.573490e-10	3.319135e-11	3.484582e-12	2.792570e-13	1.519044e-14	4.207784e-16
0.042800	4.642302e-02	1.859098e-01	2.981277e-01	2.397396e-01	1.310626e-01	5.891196e-02	2.436099e-02	9.680319e-03	3.710317e-03	1.363908e-03	4.786980e-04	1.598262e-04	5.055453e-05	1.507591e-05	4.214431e-06	1.096991e-06	2.637427e-07	5.799862e-08	1.152484e-08	2.037567e-09	3.140632e-10	4.104339e-11	4.367104e-12	3.547936e-13	1.956947e-14	5.498088e-16
0.043200	4.520232e-02	1.829230e-01	2.963618e-01	2.407208e-01	1.329278e-01	6.036231e-02	2.522091e-02	1.012812e-02	3.923620e-03	1.458018e-03	5.173812e-04	1.746786e-04	5.588146e-05	1.685710e-05	4.767687e-06	1.255805e-06	3.055852e-07	6.802810e-08	1.368715e-08	2.450694e-09	3.826380e-10	5.066479e-11	5.463238e-12	4.499159e-13	2.516186e-14	7.169630e-16
0.043600	4.401332e-02	1.799674e-01	2.945539e-01	2.416422e-01	1.347726e-01	6.182156e-02	2.609765e-02	1.059025e-02	4.146339e-03	1.557423e-03	5.587139e-04	1.907328e-04	6.170693e-05	1.882805e-05	5.387225e-06	1.435804e-06	3.535937e-07	7.967937e-08	1.623099e-08	2.942985e-09	4.654245e-10	6.243504e-11	6.822377e-12	5.694906e-13	3.229073e-14	9.330955e-16
0.044000	4.285514e-02	1.770430e-01	2.927053e-01	2.425041e-01	1.365960e-01	6.328904e-02	2.699110e-02	1.106691e-02	4.378744e-03	1.662347e-03	6.028430e-04	2.080712e-04	6.807165e-05	2.100679e-05	6.080232e-06	1.639578e-06	4.086085e-07	9.319687e-08	1.921954e-08	3.528750e-09	5.652147e-10	7.681101e-11	8.504816e-12	7.195433e-13	4.136191e-14	1.212039e-15
0.044400	4.172694e-02	1.741499e-01	2.908175e-01	2.433064e-01	1.383972e-01	6.476409e-02	2.790111e-02	1.155828e-02	4.621104e-03	1.773019e-03	6.499217e-04	2.267807e-04	7.501914e-05	2.341282e-05	6.854590e-06	1.870003e-06	4.715751e-07	1.088593e-07	2.272573e-08	4.224742e-09	6.853205e-10	9.434201e-11	1.058405e-11	9.075226e-13	5.288429e-14	1.571393e-15
0.044800	4.062791e-02	1.712881e-01	2.888917e-01	2.440494e-01	1.401752e-01	6.624602e-02	2.882753e-02	1.206453e-02	4.873691e-03	1.889673e-03	7.001089e-04	2.469530e-04	8.259591e-05	2.606726e-05	7.718938e-06	2.130271e-06	5.435568e-07	1.269839e-07	2.683373e-08	5.050535e-09	8.296644e-10	1.156875e-10	1.314955e-11	1.142622e-12	6.749498e-14	2.033512e-15
0.045200	3.955724e-02	1.684577e-01	2.869293e-01	2.447332e-01	1.419291e-01	6.773414e-02	2.977019e-02	1.258582e-02	5.136777e-03	2.012552e-03	7.535701e-04	2.686847e-04	9.085160e-05	2.899292e-05	8.682736e-06	2.423923e-06	6.257473e-07	1.479316e-07	3.164050e-08	6.028984e-09	1.002887e-09	1.416382e-10	1.631004e-11	1.436173e-12	8.599037e-14	2.626747e-15
0.045600	3.851416e-02	1.656585e-01	2.849316e-01	2.453580e-01	1.436581e-01	6.922775e-02	3.072890e-02	1.312233e-02	5.410634e-03	2.141900e-03	8.104771e-04	2.920774e-04	9.983916e-05	3.221448e-05	9.756332e-06	2.754879e-06	7.194858e-07	1.721126e-07	3.725762e-08	7.186733e-09	1.210469e-09	1.731407e-10	2.019749e-11	1.802120e-12	1.093645e-13	3.386992e-15
