0.000000e+00	1.000000e+00	0.000000e+00	0.000000e+00	0.000000e+00	0.000000e+00	0.000000e+00	0.000000e+00	0.000000e+00	0.000000e+00	0.000000e+00	0.000000e+00	0.000000e+00	0.000000e+00	0.000000e+00	0.000000e+00	0.000000e+00	0.000000e+00	0.000000e+00	0.000000e+00	0.000000e+00	0.000000e+00	0.000000e+00	0.000000e+00	0.000000e+00	0.000000e+00	0.000000e+00
1.000000e-04	9.972247e-01	2.771194e-03	4.065914e-06	4.441008e-09	4.256747e-12	3.851720e-15	3.338362e-18	2.756415e-21	2.156211e-24	1.592526e-27	1.106959e-30	7.213875e-34	4.387945e-37	2.478461e-40	1.292269e-43	6.176571e-47	2.683873e-50	1.049619e-53	3.648894e-57	1.109971e-60	2.894195e-64	6.288907e-68	1.093264e-71	1.425440e-75	1.239065e-79	5.385449e-84
2.000000e-04	9.944561e-01	5.527595e-03	1.622221e-05	3.544270e-08	6.795652e-11	1.230072e-13	2.132772e-16	3.522919e-19	5.513265e-22	8.146600e-25	1.132938e-27	1.477205e-30	1.797809e-33	2.031828e-36	2.119791e-39	2.027381e-42	1.762830e-45	1.379599e-48	9.597725e-52	5.842743e-55	3.048903e-58	1.325911e-61	4.613180e-65	1.203851e-68	2.094493e-72	1.822135e-76
3.000000e-04	9.916942e-01	8.269253e-03	3.640692e-05	1.193316e-07	3.432647e-10	9.322070e-13	2.425061e-15	6.010207e-18	1.411291e-20	3.129088e-23	6.529708e-26	1.277578e-28	2.333251e-31	3.957210e-34	6.195720e-37	8.892901e-40	1.160487e-42	1.363067e-45	1.423245e-48	1.300433e-51	1.018561e-54	6.648790e-58	3.472370e-61	1.360217e-64	3.552526e-68	4.639528e-72
4.000000e-04	9.889389e-01	1.099622e-02	6.455834e-05	2.821799e-07	1.082472e-09	3.920409e-12	1.360146e-14	4.495815e-17	1.408005e-19	4.163768e-22	1.158928e-24	3.024520e-27	7.368002e-30	1.666898e-32	3.481417e-35	6.665991e-38	1.160462e-40	1.818404e-43	2.533071e-46	3.087897e-49	3.226873e-52	2.810413e-55	1.958387e-58	1.023620e-61	3.567286e-65	6.216665e-69
5.000000e-04	9.861903e-01	1.370855e-02	1.006151e-04	5.498070e-07	2.636873e-09	1.194006e-11	5.179359e-14	2.140555e-16	8.382276e-19	3.099538e-21	1.078778e-23	3.520547e-26	1.072492e-28	3.034285e-31	7.925363e-34	1.897825e-36	4.132030e-39	8.097973e-42	1.410911e-44	2.151265e-47	2.811930e-50	3.063351e-53	2.670188e-56	1.745867e-59	7.611186e-63	1.659305e-66
6.000000e-04	9.834482e-01	1.640628e-02	1.445159e-04	9.477804e-07	5.455647e-09	2.965087e-11	1.543809e-13	7.658484e-16	3.599893e-18	1.597896e-20	6.676064e-23	2.615458e-25	9.565185e-28	3.248856e-30	1.018780e-32	2.928985e-35	7.656617e-38	1.801668e-40	3.769084e-43	6.900497e-46	1.083063e-48	1.416842e-51	1.483047e-54	1.164461e-57	6.096483e-61	1.596171e-64
7.000000e-04	9.807128e-01	1.908948e-02	1.962000e-04	1.501417e-06	1.008475e-08	6.395816e-11	3.886015e-13	2.249665e-15	1.234075e-17	6.392788e-20	3.117199e-22	1.425301e-24	6.083871e-27	2.411889e-29	8.827954e-32	2.962528e-34	9.039831e-37	2.483070e-39	6.063919e-42	1.296027e-44	2.374740e-47	3.626813e-50	4.432128e-53	4.063020e-56	2.483605e-59	7.592316e-63
8.000000e-04	9.779840e-01	2.175818e-02	2.556066e-04	2.235786e-06	1.716581e-08	1.244457e-10	8.643426e-13	5.720172e-15	3.587195e-17	2.124411e-19	1.184296e-21	6.191029e-24	3.021405e-26	1.369531e-28	5.731560e-31	2.199308e-33	7.673747e-36	2.410307e-38	6.731091e-41	1.645158e-43	3.447336e-46	6.021149e-49	8.415228e-52	8.822963e-55	6.168400e-58	2.156758e-61
9.000000e-04	9.752617e-01	2.441245e-02	3.226755e-04	3.175707e-06	2.743503e-08	2.238034e-10	1.749165e-12	1.302639e-14	9.192909e-17	6.126777e-19	3.843812e-21	2.261443e-23	1.242126e-25	6.336868e-28	2.984933e-30	1.289197e-32	5.063200e-35	1.790139e-37	5.627423e-40	1.548296e-42	3.652287e-45	7.181382e-48	1.129938e-50	1.333755e-53	1.049831e-56	4.132819e-60
1.000000e-03	9.725459e-01	2.705232e-02	3.973466e-04	4.345754e-06	4.172210e-08	3.782491e-10	3.285528e-12	2.719406e-14	2.132999e-16	1.580049e-18	1.101828e-20	7.205491e-23	4.399286e-25	2.494840e-27	1.306372e-29	6.272323e-32	2.738568e-34	1.076434e-36	3.762052e-39	1.150791e-41	3.018196e-44	6.598472e-47	1.154397e-49	1.515146e-52	1.326138e-55	5.805221e-59
1.100000e-03	9.698367e-01	2.967786e-02	4.795600e-04	5.770255e-06	6.094910e-08	6.079457e-10	5.810193e-12	5.291393e-14	4.566779e-16	3.722423e-18	2.856393e-20	2.055555e-22	1.381089e-24	8.619242e-27	4.966983e-29	2.624619e-31	1.261207e-33	5.456166e-36	2.098820e-38	7.066587e-41	2.040028e-43	4.909306e-46	9.454375e-49	1.365984e-51	1.316151e-54	6.342703e-58
1.200000e-03	9.671341e-01	3.228910e-02	5.692560e-04	7.473294e-06	8.612943e-08	9.374127e-10	9.775771e-12	9.714874e-14	9.149478e-16	8.138495e-18	6.815239e-20	5.352412e-22	3.924753e-24	2.673268e-26	1.681363e-28	9.697137e-31	5.086093e-33	2.401702e-35	1.008447e-37	3.706350e-40	1.168004e-42	3.068405e-45	6.450928e-48	1.017523e-50	1.070352e-53	5.631580e-57
1.300000e-03	9.644379e-01	3.488611e-02	6.663756e-04	9.478715e-06	1.183668e-07	1.395932e-09	1.577439e-11	1.698709e-13	1.733688e-15	1.671185e-17	1.516631e-19	1.290861e-21	1.025855e-23	7.573084e-26	5.162512e-28	3.227193e-30	1.834680e-32	9.390799e-35	4.274215e-37	1.702874e-39	5.817358e-42	1.656731e-44	3.776002e-47	6.457103e-50	7.364037e-53	4.200763e-56
1.400000e-03	9.617483e-01	3.746892e-02	7.708594e-04	1.181012e-05	1.588539e-07	2.017950e-09	2.456345e-11	2.849435e-13	3.132754e-15	3.253180e-17	3.180568e-19	2.916474e-21	2.497073e-23	1.986082e-25	1.458739e-27	9.825306e-30	6.018648e-32	3.319488e-34	1.628050e-36	6.989551e-39	2.573124e-41	7.897102e-44	1.939731e-46	3.574811e-49	4.393900e-52	2.701430e-55
1.500000e-03	9.590651e-01	4.003759e-02	8.826489e-04	1.449086e-05	2.088718e-07	2.843472e-09	3.709346e-11	4.611564e-13	5.433879e-15	6.047819e-17	6.337458e-19	6.228752e-21	5.716359e-23	4.873528e-25	3.837024e-27	2.770425e-29	1.819263e-31	1.075664e-33	5.655807e-36	2.603216e-38	1.027469e-40	3.380923e-43	8.903920e-46	1.759454e-48	2.318849e-51	1.528714e-54
1.600000e-03	9.563883e-01	4.259216e-02	1.001685e-03	1.754406e-05	2.697885e-07	3.918455e-09	5.453785e-11	7.234294e-13	9.095313e-15	1.080138e-16	1.207761e-18	1.266674e-20	1.240493e-22	1.128605e-24	9.482641e-27	7.306853e-29	5.120839e-31	3.231445e-33	1.813435e-35	8.908769e-38	3.753088e-40	1.318198e-42	3.705652e-45	7.816491e-48	1.099689e-50	7.739265e-54
1.700000e-03	9.537181e-01	4.513269e-02	1.127911e-03	2.099261e-05	3.430580e-07	5.295188e-09	7.832490e-11	1.104194e-12	1.475459e-14	1.862351e-16	2.213344e-18	2.467355e-20	2.568457e-22	2.483956e-24	2.218544e-26	1.817266e-28	1.353916e-30	9.082849e-33	5.418950e-35	2.830291e-37	1.267696e-39	4.734051e-42	1.414996e-44	3.173611e-47	4.747615e-50	3.552891e-53
1.800000e-03	9.510542e-01	4.765922e-02	1.261267e-03	2.485915e-05	4.302194e-07	7.032682e-09	1.101715e-10	1.644967e-12	2.328057e-14	3.112403e-16	3.917995e-18	4.626364e-20	5.101367e-22	5.226092e-24	4.944618e-26	4.290694e-28	3.386551e-30	2.406900e-32	1.521365e-34	8.418694e-37	3.995184e-39	1.580793e-41	5.006461e-44	1.189804e-46	1.886061e-49	1.495662e-52
1.900000e-03	9.483968e-01	5.017181e-02	1.401696e-03	2.916609e-05	5.328955e-07	9.197035e-09	1.521191e-10	2.398123e-12	3.583607e-14	5.058804e-16	6.724409e-18	8.384575e-20	9.763185e-22	1.056230e-23	1.055367e-25	9.671645e-28	8.062044e-30	6.051639e-32	4.040069e-34	2.361310e-36	1.183616e-38	4.946835e-41	1.654910e-43	4.154535e-46	6.956959e-49	5.828091e-52
2.000000e-03	9.457458e-01	5.267050e-02	1.549140e-03	3.393562e-05	6.527923e-07	1.186181e-08	2.065712e-10	3.428883e-12	5.395224e-14	8.019692e-16	1.122529e-17	1.473910e-19	1.807343e-21	2.059110e-23	2.166752e-25	2.091239e-27	1.835941e-29	1.451475e-31	1.020613e-33	6.283098e-36	3.317361e-38	1.460439e-40	5.146558e-43	1.361020e-45	2.400896e-48	2.118874e-51
2.100000e-03	9.431011e-01	5.515533e-02	1.703543e-03	3.918967e-05	7.916974e-07	1.510839e-08	2.763331e-10	4.817526e-12	7.961627e-14	1.243036e-15	1.827555e-17	2.520596e-19	3.246722e-21	3.885699e-23	4.295331e-25	4.355135e-27	4.016799e-29	3.336315e-31	2.464719e-33	1.594196e-35	8.843721e-38	4.090842e-40	1.514768e-42	4.209263e-45	7.802616e-48	7.236187e-51
2.200000e-03	9.404629e-01	5.762636e-02	1.864847e-03	4.494995e-05	9.514795e-07	1.902636e-08	3.646536e-10	6.661837e-12	1.153737e-13	1.887717e-15	2.908602e-17	4.204273e-19	5.675698e-21	7.119386e-23	8.248637e-25	8.766213e-27	8.474773e-29	7.378456e-31	5.713853e-33	3.874176e-35	2.253000e-37	1.092547e-39	4.241190e-42	1.235591e-44	2.401310e-47	2.334909e-50
2.300000e-03	9.378310e-01	6.008364e-02	2.032995e-03	5.123796e-05	1.134087e-06	2.371383e-08	4.752679e-10	9.079800e-12	1.644471e-13	2.813883e-15	4.534363e-17	6.854857e-19	9.678659e-21	1.269813e-22	1.538840e-24	1.710606e-26	1.729839e-28	1.575417e-30	1.276216e-32	9.052163e-35	5.507125e-37	2.793878e-39	1.134674e-41	3.458491e-44	7.032374e-47	7.154478e-50
2.400000e-03	9.352054e-01	6.252721e-02	2.207932e-03	5.807493e-05	1.341547e-06	2.927782e-08	6.124432e-10	1.221255e-11	2.308721e-13	4.123629e-15	6.936349e-17	1.094629e-18	1.613432e-20	2.209809e-22	2.795767e-24	3.244613e-26	3.425600e-28	3.257296e-30	2.755051e-32	2.040394e-34	1.296152e-36	6.866260e-39	2.911913e-41	9.268329e-44	1.968053e-46	2.090959e-49
2.500000e-03	9.325862e-01	6.495712e-02	2.389600e-03	6.548191e-05	1.575966e-06	3.583458e-08	7.810253e-10	1.622757e-11	3.196535e-13	5.949239e-15	1.042796e-16	1.714885e-18	2.634093e-20	3.759762e-22	4.957292e-24	5.995939e-26	6.597731e-28	6.538703e-30	5.764388e-32	4.449791e-34	2.946430e-36	1.627002e-38	7.192608e-41	2.386505e-43	5.282791e-46	5.851277e-49
2.600000e-03	9.299733e-01	6.737342e-02	2.577944e-03	7.347968e-05	1.839524e-06	4.350994e-08	9.864875e-10	2.132224e-11	4.369425e-13	8.460278e-15	1.542816e-16	2.639696e-18	4.218586e-20	6.265073e-22	8.595140e-24	1.081736e-25	1.238588e-27	1.277336e-29	1.171820e-31	9.413563e-34	6.486793e-36	3.727814e-38	1.715132e-40	5.922860e-43	1.364593e-45	1.573162e-48
2.700000e-03	9.273667e-01	6.977615e-02	2.772907e-03	8.208882e-05	2.134480e-06	5.243965e-08	1.234981e-09	2.772755e-11	5.902359e-13	1.187194e-14	2.249052e-16	3.997614e-18	6.637251e-20	1.024082e-21	1.459693e-23	1.908722e-25	2.270774e-27	2.433272e-29	2.319517e-31	1.936220e-33	1.386461e-35	8.279830e-38	3.958833e-40	1.420745e-42	3.401853e-45	4.075929e-48
2.800000e-03	9.247663e-01	7.216537e-02	2.974436e-03	9.132967e-05	2.463166e-06	6.276969e-08	1.533388e-09	3.571223e-11	7.886018e-13	1.645483e-14	3.233880e-16	5.963354e-18	1.027203e-19	1.644348e-21	2.431782e-23	3.299307e-25	4.072713e-27	4.528382e-29	4.479249e-31	3.879991e-33	2.883132e-35	1.786784e-37	8.865928e-40	3.302116e-42	8.205853e-45	1.020421e-47
2.900000e-03	9.221723e-01	7.454112e-02	3.182473e-03	1.012224e-04	2.827990e-06	7.465664e-08	1.889373e-09	4.558714e-11	1.042931e-12	2.254637e-14	4.590981e-16	8.771695e-18	1.565573e-19	2.596856e-21	3.979502e-23	5.594863e-25	7.156921e-27	8.246580e-29	8.453514e-31	7.588864e-33	5.844366e-35	3.753916e-37	1.930586e-39	7.452854e-42	1.919693e-44	2.474447e-47
3.000000e-03	9.195845e-01	7.690344e-02	3.396965e-03	1.117868e-04	3.231430e-06	8.826795e-08	2.311442e-09	5.770994e-11	1.366217e-12	3.056395e-14	6.440510e-16	1.273482e-17	2.352288e-19	4.038178e-21	6.404713e-23	9.319802e-25	1.233964e-26	1.471709e-28	1.561602e-30	1.451133e-32	1.156854e-34	7.692167e-37	4.095334e-39	1.636709e-41	4.364577e-44	5.824554e-47
3.100000e-03	9.170029e-01	7.925239e-02	3.617856e-03	1.230427e-04	3.676038e-06	1.037823e-07	2.808996e-09	7.249015e-11	1.773868e-12	4.102015e-14	8.935257e-16	1.826383e-17	3.487500e-19	6.189381e-21	1.014874e-22	1.526802e-24	2.090042e-26	2.577294e-28	2.827576e-30	2.716854e-32	2.239573e-34	1.539842e-36	8.477545e-39	3.503631e-41	9.662022e-44	1.333461e-46
3.200000e-03	9.144276e-01	8.158801e-02	3.845092e-03	1.350094e-04	4.164438e-06	1.213899e-07	3.392392e-09	9.039456e-11	2.284050e-12	5.454007e-14	1.226797e-15	2.589509e-17	5.106376e-19	9.359046e-21	1.584876e-22	2.462507e-24	3.481564e-26	4.434255e-28	5.024828e-30	4.986965e-32	4.246304e-34	3.015857e-36	1.715166e-38	7.322656e-41	2.086149e-43	2.974386e-46
3.300000e-03	9.118585e-01	8.391035e-02	4.078619e-03	1.477063e-04	4.699320e-06	1.412927e-07	4.073005e-09	1.119529e-10	2.918067e-12	7.188121e-14	1.667997e-15	3.632252e-17	7.389585e-19	1.397335e-20	2.441399e-22	3.913890e-24	5.709602e-26	7.503526e-28	8.773888e-30	8.985582e-32	7.895374e-34	5.786779e-36	3.396330e-38	1.496451e-40	4.399893e-43	6.474553e-46
3.400000e-03	9.092956e-01	8.621945e-02	4.318382e-03	1.611523e-04	5.283448e-06	1.637050e-07	4.863285e-09	1.377638e-10	3.700779e-12	9.395595e-14	2.247130e-15	5.043662e-17	1.057645e-18	2.061500e-20	3.712766e-22	6.135586e-24	9.226880e-26	1.250054e-27	1.506895e-29	1.591026e-31	1.441308e-33	1.089148e-35	6.590805e-38	2.994212e-40	9.077505e-43	1.377372e-45
3.500000e-03	9.067388e-01	8.851535e-02	4.564328e-03	1.753663e-04	5.919651e-06	1.888532e-07	5.776824e-09	1.685015e-10	4.661055e-12	1.218571e-13	3.001256e-15	6.937165e-17	1.498133e-18	3.007329e-20	5.578215e-22	9.494385e-24	1.470590e-25	2.052128e-27	2.548064e-29	2.771208e-31	2.585986e-33	2.013013e-35	1.254877e-37	5.873016e-40	1.834314e-42	2.867476e-45
3.600000e-03	9.041883e-01	9.079812e-02	4.816404e-03	1.903669e-04	6.610825e-06	2.169768e-07	6.828422e-09	2.049226e-10	5.832275e-12	1.568864e-13	3.975862e-15	9.456211e-17	2.101383e-18	4.340788e-20	8.285686e-22	1.451305e-23	2.313422e-25	3.322403e-27	4.245758e-29	4.752524e-31	4.564617e-33	3.657299e-35	2.346733e-37	1.130538e-39	3.634729e-42	5.849046e-45
3.700000e-03	9.016439e-01	9.306779e-02	5.074555e-03	2.061724e-04	7.359935e-06	2.483280e-07	8.034150e-09	2.478730e-10	7.252869e-12	2.005870e-13	5.226459e-15	1.278101e-16	2.920370e-18	6.202959e-20	1.217501e-21	2.192922e-23	3.594644e-25	5.308875e-27	6.976985e-29	8.031784e-31	7.933777e-33	6.537881e-35	4.314733e-37	2.137971e-39	7.070138e-42	1.170289e-44
3.800000e-03	8.991056e-01	9.532440e-02	5.338729e-03	2.228009e-04	8.170008e-06	2.831725e-07	9.411422e-09	2.982957e-10	8.966912e-12	2.547794e-13	6.820411e-15	1.713652e-16	4.023120e-18	8.780199e-20	1.770795e-21	3.277392e-23	5.520526e-25	8.378367e-27	1.131540e-28	1.338665e-30	1.358973e-32	1.150937e-34	7.806657e-37	3.975781e-39	1.351359e-41	2.299168e-44
3.900000e-03	8.965735e-01	9.756801e-02	5.608873e-03	2.402706e-04	9.044139e-06	3.217896e-07	1.097906e-08	3.572387e-10	1.102476e-11	3.216015e-13	8.839042e-15	2.280190e-16	5.496398e-18	1.231684e-19	2.550681e-21	4.847545e-23	8.384798e-25	1.306782e-26	1.812416e-28	2.202001e-30	2.295761e-32	1.996873e-34	1.391105e-36	7.276560e-39	2.540364e-41	4.439462e-44
4.000000e-03	8.940474e-01	9.979866e-02	5.884935e-03	2.585990e-04	9.985483e-06	3.644721e-07	1.275737e-08	4.258637e-10	1.348374e-11	4.035538e-13	1.138004e-14	3.012160e-16	7.450175e-18	1.713097e-19	3.640374e-21	7.099570e-23	1.260190e-24	2.015546e-26	2.868842e-28	3.577159e-30	3.827650e-32	3.417070e-34	2.443284e-36	1.311787e-38	4.700774e-41	8.432432e-44
4.100000e-03	8.915275e-01	1.020164e-01	6.166862e-03	2.778038e-04	1.099726e-05	4.115275e-07	1.476821e-08	5.054544e-10	1.640889e-11	5.035484e-13	1.456021e-14	3.951834e-16	1.002299e-17	2.363391e-19	5.150336e-21	1.030079e-22	1.875152e-24	3.075870e-26	4.490242e-28	5.742514e-30	6.302453e-32	5.771088e-34	4.232696e-36	2.331088e-38	8.568991e-41	1.576852e-43
4.200000e-03	8.890137e-01	1.042213e-01	6.454601e-03	2.979023e-04	1.208275e-05	4.632771e-07	1.703506e-08	5.974261e-10	1.987379e-11	6.249644e-13	1.851856e-14	5.150828e-16	1.338835e-17	3.235418e-19	7.226168e-21	1.481268e-22	2.763779e-24	4.646773e-26	6.953170e-28	9.115020e-30	1.025464e-31	9.625802e-34	7.237315e-36	4.086138e-38	1.539894e-40	2.905171e-43
4.300000e-03	8.865059e-01	1.064133e-01	6.748102e-03	3.189115e-04	1.324530e-05	5.200574e-07	1.958311e-08	7.033353e-10	2.396140e-11	7.717081e-13	2.341987e-14	6.671858e-16	1.776243e-17	4.396675e-19	1.005851e-20	2.112049e-22	4.036744e-24	6.952643e-26	1.065773e-27	1.431318e-29	1.649713e-31	1.586525e-33	1.222145e-35	7.069786e-38	2.729888e-40	5.277148e-43
4.400000e-03	8.840042e-01	1.085925e-01	7.047312e-03	3.408484e-04	1.448830e-05	5.822194e-07	2.243932e-08	8.248897e-10	2.876498e-11	9.482796e-13	2.945862e-14	8.590780e-16	2.341311e-17	5.932869e-19	1.389540e-20	2.987110e-22	5.845226e-24	1.030756e-25	1.617781e-27	2.224604e-29	2.625425e-31	2.585388e-33	2.039397e-35	1.208088e-37	4.777090e-40	9.457073e-43
4.500000e-03	8.815085e-01	1.107591e-01	7.352180e-03	3.637298e-04	1.581522e-05	6.501294e-07	2.563252e-08	9.639590e-10	3.438910e-11	1.159846e-12	3.686353e-14	1.099893e-15	3.067070e-17	7.952231e-19	1.905759e-20	4.192121e-22	8.394264e-24	1.514778e-25	2.432973e-27	3.423796e-29	4.135284e-31	4.167686e-33	3.364708e-35	2.040015e-37	8.256578e-40	1.673047e-42
4.600000e-03	8.790189e-01	1.129129e-01	7.662655e-03	3.875720e-04	1.722958e-05	7.241693e-07	2.919347e-08	1.122586e-09	4.095071e-11	1.412323e-12	4.590251e-14	1.400584e-15	3.994060e-17	1.059071e-18	2.595747e-20	5.839824e-22	1.196005e-23	2.207479e-25	3.626564e-27	5.220225e-29	6.449455e-31	6.649082e-33	5.491312e-35	3.405941e-37	1.410235e-39	2.923481e-42
4.700000e-03	8.765353e-01	1.150541e-01	7.978686e-03	4.123915e-04	1.873495e-05	8.047363e-07	3.315492e-08	1.302997e-09	4.858024e-11	1.712458e-12	5.688835e-14	1.774231e-15	5.171810e-17	1.401823e-18	3.512237e-20	8.077695e-22	1.691219e-23	3.191214e-25	5.359940e-27	7.888094e-29	9.964076e-31	1.050316e-32	8.869339e-35	5.624994e-37	2.381547e-39	5.048513e-42
4.800000e-03	8.740576e-01	1.171827e-01	8.300221e-03	4.382042e-04	2.033496e-05	8.922439e-07	3.755175e-08	1.507615e-09	5.742285e-11	2.067932e-12	7.018495e-14	2.236394e-15	6.660569e-17	1.844615e-18	4.722295e-20	1.109754e-21	2.374225e-23	4.577978e-25	7.857540e-27	1.181736e-28	1.525529e-30	1.643429e-32	1.418348e-34	9.193634e-37	3.978421e-39	8.620137e-42
4.900000e-03	8.715860e-01	1.192987e-01	8.627212e-03	4.650262e-04	2.203331e-05	9.871214e-07	4.242101e-08	1.739073e-09	6.763968e-11	2.487458e-12	8.621435e-14	2.805517e-15	8.533324e-17	2.413615e-18	6.310790e-20	1.514742e-21	3.310004e-23	6.519105e-25	1.142935e-26	1.755856e-28	2.315449e-30	2.548151e-32	2.246620e-34	1.487713e-36	6.577194e-39	1.455978e-41
5.000000e-03	8.691203e-01	1.214022e-01	8.959606e-03	4.928730e-04	2.383373e-05	1.089815e-06	4.780200e-08	2.000223e-09	7.940923e-11	2.980898e-12	1.054645e-13	3.503386e-15	1.087814e-16	3.141081e-18	8.384603e-20	2.054652e-21	4.583972e-23	9.217819e-25	1.650067e-26	2.588343e-28	3.485250e-30	3.916541e-32	3.526133e-34	2.384475e-36	1.076544e-38	2.433752e-41
5.100000e-03	8.666606e-01	1.234933e-01	9.297355e-03	5.217602e-04	2.574003e-05	1.200786e-06	5.373638e-08	2.294155e-09	9.292882e-11	3.559385e-12	1.284978e-13	4.355641e-15	1.380088e-16	4.066607e-18	1.107770e-19	2.770337e-21	6.307780e-23	1.294542e-24	2.365134e-26	3.786653e-28	5.204271e-30	5.969444e-32	5.485903e-34	3.786808e-36	1.745244e-38	4.027704e-41
5.200000e-03	8.642068e-01	1.255719e-01	9.640408e-03	5.517032e-04	2.775604e-05	1.320515e-06	6.026824e-08	2.624206e-09	1.084161e-10	4.235452e-12	1.559607e-13	5.392368e-15	1.742831e-16	5.238596e-18	1.455726e-19	3.713839e-21	8.626616e-23	1.806203e-24	3.366711e-26	5.499435e-28	7.711663e-30	9.025276e-32	8.463035e-34	5.960952e-36	2.803340e-38	6.601873e-41
5.300000e-03	8.617590e-01	1.276381e-01	9.988716e-03	5.827169e-04	2.988568e-05	1.449498e-06	6.744419e-08	2.993977e-09	1.261107e-10	5.023183e-12	1.885943e-13	6.648756e-15	2.191173e-16	6.715990e-18	1.903100e-19	4.951138e-21	1.172831e-22	2.504308e-24	4.760648e-26	7.931047e-28	1.134294e-29	1.353992e-31	1.295009e-33	9.303927e-36	4.463169e-38	1.072172e-40
5.400000e-03	8.593171e-01	1.296921e-01	1.034223e-02	6.148164e-04	3.213289e-05	1.588248e-06	7.531344e-08	3.407348e-09	1.462760e-10	5.938361e-12	2.272458e-13	8.165836e-15	2.743109e-16	8.570293e-18	2.475596e-19	6.565511e-21	1.585469e-22	3.451291e-24	6.688746e-26	1.136075e-27	1.656581e-29	2.016169e-31	1.966167e-33	1.440335e-35	7.045355e-38	1.725835e-40
5.500000e-03	8.568811e-01	1.317337e-01	1.070090e-02	6.480163e-04	3.450168e-05	1.737296e-06	8.392793e-08	3.868492e-09	1.692009e-10	6.998640e-12	2.728813e-13	9.991317e-15	3.419971e-16	1.088794e-17	3.204891e-19	8.661614e-21	2.131561e-22	4.728732e-24	9.339934e-26	1.616795e-27	2.402829e-29	2.980659e-31	2.962740e-33	2.212267e-35	1.103039e-37	2.754316e-40
5.600000e-03	8.544510e-01	1.337630e-01	1.106468e-02	6.823312e-04	3.699610e-05	1.897192e-06	9.334235e-08	4.381891e-09	1.952016e-10	8.223724e-12	3.266000e-13	1.218052e-14	4.246971e-16	1.377303e-17	4.129880e-19	1.137042e-20	2.850636e-22	6.442706e-24	1.296463e-25	2.286530e-27	3.462291e-29	4.376073e-31	4.432110e-33	3.372190e-35	1.713309e-37	4.359554e-40
5.700000e-03	8.520267e-01	1.357802e-01	1.143351e-02	7.177753e-04	3.962025e-05	2.068501e-06	1.036143e-07	4.952355e-09	2.246239e-10	9.635558e-12	3.896490e-13	1.479740e-14	5.253813e-16	1.735056e-17	5.298139e-19	1.485516e-20	3.792897e-22	8.730494e-24	1.789307e-25	3.214173e-27	4.957198e-29	6.381910e-31	6.583898e-33	5.102745e-35	2.640947e-37	6.845596e-40
5.800000e-03	8.496083e-01	1.377852e-01	1.180736e-02	7.543629e-04	4.237828e-05	2.251808e-06	1.148043e-07	5.585036e-09	2.578451e-10	1.125854e-11	4.634410e-13	1.791576e-14	6.475394e-16	2.177010e-17	6.767661e-19	1.931854e-20	5.021837e-22	1.176896e-23	2.455869e-25	4.491832e-27	7.054033e-29	9.247235e-31	9.714428e-33	7.666973e-35	4.040905e-37	1.066699e-39
5.900000e-03	8.471958e-01	1.397781e-01	1.218617e-02	7.921078e-04	4.527438e-05	2.447717e-06	1.269761e-07	6.285448e-09	2.952766e-10	1.311975e-11	5.495716e-13	2.162045e-14	7.952597e-16	2.721005e-17	8.608889e-19	2.501125e-20	6.617433e-22	1.578498e-23	3.352765e-25	6.242039e-27	9.978346e-29	1.331570e-30	1.424012e-32	1.144135e-34	6.139061e-37	1.649863e-39
6.000000e-03	8.447891e-01	1.417589e-01	1.256989e-02	8.310238e-04	4.831281e-05	2.656848e-06	1.401963e-07	7.059484e-09	3.373657e-10	1.524916e-11	6.498403e-13	2.600892e-14	9.733185e-16	3.388263e-17	1.090711e-18	3.224230e-20	8.680033e-22	2.106834e-23	4.553620e-25	8.627018e-27	1.403416e-28	1.905893e-30	2.074281e-32	1.696148e-34	9.262621e-37	2.533601e-39
6.100000e-03	8.423882e-01	1.437276e-01	1.295848e-02	8.711246e-04	5.149784e-05	2.879843e-06	1.545351e-07	7.913433e-09	3.845984e-10	1.767993e-11	7.662715e-13	3.119271e-14	1.187281e-15	4.203944e-17	1.376525e-18	4.139120e-20	1.133507e-21	2.798768e-23	6.153759e-25	1.186054e-26	1.962924e-28	2.712075e-30	3.003101e-32	2.498494e-34	1.388269e-36	3.863810e-39
6.200000e-03	8.399931e-01	1.456844e-01	1.335188e-02	9.124234e-04	5.483381e-05	3.117359e-06	1.700658e-07	8.854003e-09	4.375022e-10	2.044865e-11	9.011388e-13	3.729926e-14	1.443618e-15	5.197807e-17	1.730713e-18	5.292247e-20	1.473875e-21	3.701014e-23	8.276084e-25	1.622305e-26	2.730789e-28	3.837569e-30	4.322223e-32	3.657727e-34	2.067355e-36	5.853004e-39
6.300000e-03	8.376039e-01	1.476292e-01	1.375006e-02	9.549335e-04	5.832510e-05	3.370074e-06	1.868654e-07	9.888338e-09	4.966484e-10	2.359566e-11	1.056990e-12	4.447386e-14	1.749828e-15	6.404941e-17	2.168129e-18	6.740289e-20	1.908492e-21	4.872539e-23	1.107840e-24	2.208085e-26	3.779334e-28	5.400579e-30	6.185307e-32	5.322900e-34	3.059483e-36	8.808877e-39
6.400000e-03	8.352204e-01	1.495622e-01	1.415296e-02	9.986679e-04	6.197613e-05	3.638687e-06	2.050141e-07	1.102404e-08	5.626552e-10	2.716531e-11	1.236677e-12	5.288178e-14	2.114588e-15	7.866621e-17	2.706538e-18	8.552173e-20	2.461335e-21	6.387501e-23	1.476255e-24	2.991037e-26	5.204224e-28	7.560124e-30	8.802593e-32	7.701432e-34	4.500470e-36	1.317438e-38
6.500000e-03	8.328426e-01	1.514832e-01	1.456054e-02	1.043639e-03	6.579135e-05	3.923913e-06	2.245961e-07	1.226919e-08	6.361906e-10	3.120635e-11	1.443382e-12	6.271063e-14	2.547912e-15	9.631270e-17	3.367126e-18	1.081148e-19	3.161955e-21	8.338839e-23	1.958569e-24	4.032877e-26	7.131457e-28	1.052915e-29	1.246034e-31	1.108049e-33	6.581520e-36	1.958359e-38
6.600000e-03	8.304707e-01	1.533925e-01	1.497275e-02	1.089861e-03	6.977527e-05	4.226489e-06	2.456991e-07	1.363236e-08	7.179756e-10	3.577223e-11	1.680655e-12	7.417301e-14	3.061329e-15	1.175556e-16	4.175095e-18	1.361923e-19	4.046664e-21	1.084262e-22	2.587424e-24	5.413237e-26	9.726279e-28	1.459154e-29	1.754650e-31	1.585568e-33	9.570411e-36	2.893930e-38
6.700000e-03	8.281044e-01	1.552899e-01	1.538954e-02	1.137344e-03	7.393244e-05	4.547171e-06	2.684148e-07	1.512266e-08	8.087876e-10	4.092154e-11	1.952446e-12	8.750931e-14	3.668086e-15	1.430564e-16	5.160340e-18	1.709723e-19	5.159939e-21	1.404330e-22	3.404108e-24	7.234468e-26	1.320454e-27	2.012416e-29	2.458442e-31	2.256942e-33	1.384029e-35	4.252013e-38
6.800000e-03	8.257439e-01	1.571756e-01	1.581087e-02	1.186102e-03	7.826744e-05	4.886733e-06	2.928387e-07	1.674974e-08	9.094633e-10	4.671831e-11	2.263143e-12	1.029908e-13	4.383375e-15	1.735859e-16	6.358237e-18	2.139186e-19	6.556096e-21	1.812011e-22	4.460661e-24	9.627641e-26	1.784707e-27	2.762517e-29	3.427708e-31	3.196199e-33	1.990862e-35	6.212780e-38
6.900000e-03	8.233891e-01	1.590496e-01	1.623669e-02	1.236147e-03	8.278489e-05	5.245972e-06	3.190706e-07	1.852380e-08	1.020903e-09	5.323251e-11	2.617617e-12	1.209234e-13	5.224576e-15	2.100395e-16	7.810537e-18	2.667864e-19	8.301269e-21	2.329471e-22	5.822456e-24	1.276000e-25	2.401787e-27	3.775046e-29	4.756462e-31	4.503913e-33	2.848959e-35	9.028856e-38
7.000000e-03	8.210401e-01	1.609120e-01	1.666696e-02	1.287490e-03	8.748946e-05	5.625704e-06	3.472141e-07	2.045565e-08	1.144073e-09	6.054048e-11	3.021259e-12	1.416507e-13	6.211540e-15	2.534559e-16	9.566408e-18	3.316741e-19	1.047576e-20	2.984039e-22	7.571343e-24	1.684418e-25	3.218693e-27	5.136016e-29	6.569920e-31	6.316128e-33	4.056440e-35	1.305276e-37
7.100000e-03	8.186967e-01	1.627628e-01	1.710163e-02	1.340143e-03	9.238584e-05	6.026765e-06	3.773774e-07	2.255672e-08	1.280012e-09	6.872538e-11	3.480037e-12	1.655589e-13	7.366895e-15	3.050369e-16	1.168361e-17	4.110843e-19	1.317678e-20	3.809311e-22	9.809479e-24	2.214967e-25	4.295902e-27	6.957794e-29	9.034183e-31	8.816096e-33	5.747513e-35	1.877413e-37
7.200000e-03	8.163589e-01	1.646019e-01	1.754065e-02	1.394119e-03	9.747877e-05	6.450012e-06	4.096729e-07	2.483908e-08	1.429831e-09	7.787769e-11	4.000537e-12	1.930807e-13	8.716383e-15	3.661702e-16	1.422983e-17	5.079945e-19	1.652176e-20	4.846467e-22	1.266397e-23	2.901680e-25	5.710948e-27	9.386637e-29	1.236873e-30	1.224963e-32	8.104953e-35	2.686996e-37
7.300000e-03	8.140269e-01	1.664296e-01	1.798398e-02	1.449427e-03	1.027730e-04	6.896322e-06	4.442175e-07	2.731545e-08	1.594724e-09	8.809577e-11	4.590026e-12	2.247005e-13	1.028924e-14	4.384551e-16	1.728424e-17	6.259383e-19	2.065208e-20	6.145841e-22	1.629250e-23	3.787408e-25	7.562906e-27	1.261222e-28	1.686245e-30	1.694518e-32	1.137663e-34	3.827218e-37
7.400000e-03	8.117004e-01	1.682457e-01	1.843157e-02	1.506080e-03	1.082734e-04	7.366593e-06	4.811326e-07	2.999925e-08	1.775963e-09	9.948638e-11	5.256507e-12	2.609595e-13	1.211861e-14	5.237312e-16	2.093923e-17	7.690996e-19	2.573765e-20	7.768790e-22	2.089008e-23	4.925929e-25	9.977953e-27	1.687968e-28	2.289424e-30	2.333982e-32	1.589732e-34	5.425821e-37
7.500000e-03	8.093797e-01	1.700505e-01	1.888338e-02	1.564089e-03	1.139848e-04	7.861744e-06	5.205444e-07	3.290464e-08	1.974913e-09	1.121653e-10	6.008782e-12	3.024616e-13	1.424200e-14	6.241105e-16	2.530241e-17	9.424214e-19	3.198204e-20	9.789911e-22	2.669726e-23	6.384535e-25	1.311627e-26	2.250473e-28	3.095920e-30	3.201312e-32	2.211741e-34	7.657177e-37
7.600000e-03	8.070645e-01	1.718438e-01	1.933937e-02	1.623463e-03	1.199120e-04	8.382715e-06	5.625838e-07	3.604652e-08	2.193028e-09	1.262579e-10	6.856520e-12	3.498793e-13	1.670181e-14	7.420129e-16	3.049881e-17	1.151730e-18	3.962866e-20	1.229966e-21	3.400990e-23	8.247180e-25	1.718055e-26	2.989266e-28	4.170205e-30	4.373062e-32	3.064044e-34	1.075834e-36
7.700000e-03	8.047550e-01	1.736257e-01	1.979949e-02	1.684215e-03	1.260599e-04	8.930468e-06	6.073867e-07	3.944055e-08	2.431862e-09	1.418998e-10	7.810329e-12	4.039612e-13	1.954582e-14	8.802067e-16	3.667349e-17	1.403878e-18	4.896783e-20	1.540745e-21	4.319091e-23	1.061830e-24	2.242655e-26	3.956205e-28	5.595948e-30	5.949999e-32	4.227215e-34	1.505031e-36
7.800000e-03	8.024510e-01	1.753963e-01	2.026369e-02	1.746355e-03	1.324336e-04	9.505985e-06	6.550939e-07	4.310321e-08	2.693069e-09	1.592377e-10	8.881833e-12	4.655384e-13	2.282790e-14	1.041853e-15	4.399435e-17	1.706909e-18	6.034506e-20	1.924529e-21	5.468429e-23	1.362746e-24	2.917595e-26	5.217438e-28	7.481371e-30	8.064297e-32	5.808433e-34	2.096613e-36
7.900000e-03	8.001526e-01	1.771556e-01	2.073194e-02	1.809892e-03	1.390379e-04	1.011027e-05	7.058513e-07	4.705182e-08	2.978413e-09	1.784299e-10	1.008375e-11	5.355335e-13	2.660860e-14	1.230554e-15	5.265542e-17	2.070245e-18	7.417058e-20	2.397212e-21	6.903187e-23	1.743494e-24	3.783225e-26	6.857081e-28	9.966005e-30	1.088873e-31	7.949756e-34	2.908774e-36
8.000000e-03	7.978598e-01	1.789037e-01	2.120419e-02	1.874838e-03	1.458779e-04	1.074435e-05	7.598101e-07	5.130456e-08	3.289770e-09	1.996471e-10	1.143000e-11	6.149680e-13	3.095590e-14	1.450411e-15	6.288049e-17	2.504901e-18	9.093050e-20	2.977878e-21	8.689323e-23	2.223851e-24	4.890012e-26	8.981780e-28	1.322918e-29	1.464842e-31	1.083882e-33	4.019442e-36
8.100000e-03	7.955726e-01	1.806406e-01	2.168038e-02	1.941201e-03	1.529586e-04	1.140926e-05	8.171269e-07	5.588050e-08	3.629137e-09	2.230735e-10	1.293575e-11	7.049729e-13	3.594605e-14	1.706083e-15	7.492722e-17	3.023726e-18	1.111996e-19	3.689396e-21	1.090693e-22	2.828159e-24	6.300902e-26	1.172636e-27	1.750066e-29	1.963570e-31	1.472261e-33	5.532592e-36
8.200000e-03	7.932909e-01	1.823663e-01	2.216049e-02	2.008993e-03	1.602851e-04	1.210609e-05	8.779635e-07	6.079965e-08	3.998632e-09	2.489070e-10	1.461758e-11	8.067974e-13	4.166439e-14	2.002854e-15	8.909176e-17	3.641686e-18	1.356559e-19	4.559109e-21	1.365304e-22	3.586297e-24	8.094200e-26	1.526076e-27	2.307399e-29	2.622907e-31	1.992518e-33	7.586480e-36
8.300000e-03	7.910147e-01	1.840809e-01	2.264447e-02	2.078222e-03	1.678625e-04	1.283592e-05	9.424876e-07	6.608298e-08	4.400507e-09	2.773607e-10	1.649353e-11	9.218207e-13	4.820636e-14	2.346710e-15	1.057139e-16	4.376177e-18	1.650982e-19	5.619635e-21	1.704494e-22	4.534857e-24	1.036706e-25	1.979865e-27	3.032305e-29	3.491699e-31	2.687033e-33	1.036432e-35
8.400000e-03	7.887440e-01	1.857844e-01	2.313228e-02	2.148899e-03	1.756959e-04	1.359986e-05	1.010872e-06	7.175243e-08	4.837152e-09	3.086637e-10	1.858325e-11	1.051563e-12	5.567852e-14	2.744421e-15	1.251829e-16	5.247383e-18	2.004650e-19	6.909811e-21	2.122407e-22	5.718539e-24	1.323972e-25	2.560788e-27	3.972271e-29	4.632803e-31	3.611056e-33	1.410812e-35
8.500000e-03	7.864789e-01	1.874769e-01	2.362386e-02	2.221032e-03	1.837904e-04	1.439904e-05	1.083296e-06	7.783099e-08	5.311096e-09	3.430617e-10	2.090808e-11	1.197698e-12	6.419969e-14	3.203633e-15	1.479439e-16	6.278682e-18	2.428574e-19	8.475775e-21	2.636063e-22	7.191828e-24	1.686061e-25	3.302339e-27	5.187446e-29	6.126866e-31	4.836393e-33	1.913650e-35
8.600000e-03	7.842192e-01	1.891583e-01	2.411919e-02	2.294630e-03	1.921512e-04	1.523463e-05	1.159945e-06	8.434272e-08	5.825023e-09	3.808185e-10	2.349124e-11	1.362068e-12	7.390221e-14	3.732965e-15	1.745053e-16	7.497107e-18	2.935647e-19	1.037224e-20	3.265898e-22	9.020974e-24	2.141253e-25	4.246293e-27	6.753809e-29	8.077065e-31	6.456093e-33	2.586763e-35
8.700000e-03	7.819650e-01	1.908288e-01	2.461821e-02	2.369704e-03	2.007835e-04	1.610781e-05	1.241009e-06	9.131275e-08	6.381773e-09	4.222167e-10	2.635790e-11	1.546695e-12	8.493327e-14	4.342127e-15	2.054466e-16	8.933862e-18	3.540936e-19	1.266394e-20	4.036402e-22	1.128636e-23	2.712005e-25	5.444623e-27	8.767080e-29	1.061503e-30	8.590374e-33	3.484869e-35
8.800000e-03	7.797163e-01	1.924884e-01	2.512089e-02	2.446261e-03	2.096926e-04	1.701977e-05	1.326685e-06	9.876734e-08	6.984349e-09	4.675590e-10	2.953534e-11	1.753798e-12	9.745637e-14	5.042036e-15	2.414275e-16	1.062491e-17	4.262021e-19	1.542734e-20	4.976857e-22	1.408531e-23	3.425846e-25	6.961828e-27	1.134754e-28	1.390825e-30	1.139412e-32	4.679350e-35
8.900000e-03	7.774731e-01	1.941370e-01	2.562718e-02	2.524310e-03	2.188837e-04	1.797173e-05	1.417177e-06	1.067340e-07	7.635928e-09	5.171693e-10	3.305312e-11	1.985811e-12	1.116529e-13	5.844952e-15	2.831982e-16	1.261163e-17	5.119377e-19	1.875261e-20	6.122211e-22	1.753538e-23	4.316442e-25	8.877765e-27	1.464595e-28	1.816925e-30	1.506631e-32	6.263057e-35
9.000000e-03	7.752353e-01	1.957749e-01	2.613704e-02	2.603860e-03	2.283621e-04	1.896496e-05	1.512694e-06	1.152412e-07	8.339865e-09	5.713941e-10	3.694324e-11	2.245400e-12	1.277241e-13	6.764629e-15	3.316100e-16	1.494155e-17	6.136811e-19	2.274584e-20	7.514089e-22	2.177833e-23	5.424875e-25	1.129107e-26	1.885082e-28	2.366702e-30	1.986189e-32	8.356419e-35
9.100000e-03	7.730029e-01	1.974019e-01	2.665043e-02	2.684919e-03	2.381330e-04	2.000070e-05	1.613452e-06	1.243190e-07	9.099703e-09	6.306033e-10	4.124027e-11	2.535479e-12	1.458923e-13	7.816472e-15	3.876278e-16	1.766922e-17	7.341959e-19	2.753165e-20	9.201977e-22	2.698468e-23	6.801169e-25	1.432331e-26	2.419725e-28	3.074115e-30	2.610664e-32	1.111520e-34
9.200000e-03	7.707759e-01	1.990181e-01	2.716732e-02	2.767496e-03	2.482019e-04	2.108026e-05	1.719673e-06	1.339985e-07	9.919180e-09	6.951920e-10	4.598157e-11	2.859235e-12	1.664039e-13	9.017714e-15	4.523442e-16	2.085707e-17	8.766846e-19	3.325620e-20	1.124459e-21	3.335919e-23	8.506107e-25	1.812396e-26	3.097783e-28	3.981931e-30	3.421576e-32	1.474033e-34
9.300000e-03	7.685543e-01	2.006237e-01	2.768764e-02	2.851599e-03	2.585739e-04	2.220496e-05	1.831588e-06	1.443122e-07	1.080224e-08	7.655817e-10	5.120746e-11	3.220146e-12	1.895305e-13	1.038761e-14	5.269940e-16	2.457654e-17	1.044853e-18	4.009057e-20	1.371149e-21	4.114728e-23	1.061339e-24	2.287640e-26	3.955579e-28	5.143874e-30	4.471708e-32	1.949028e-34
9.400000e-03	7.663381e-01	2.022185e-01	2.821138e-02	2.937234e-03	2.692546e-04	2.337612e-05	1.949432e-06	1.552939e-07	1.175304e-08	8.422219e-10	5.696141e-11	3.622007e-12	2.155723e-13	1.194767e-14	6.129715e-16	2.890921e-17	1.242983e-18	4.823473e-20	1.668490e-21	5.064245e-23	1.321222e-24	2.880517e-26	5.038107e-28	6.627279e-30	5.827993e-32	2.569670e-34
9.500000e-03	7.641273e-01	2.038027e-01	2.873848e-02	3.024411e-03	2.802493e-04	2.459511e-05	2.073448e-06	1.669789e-07	1.277594e-08	9.255912e-10	6.329027e-11	4.068954e-12	2.448597e-13	1.372184e-14	7.118488e-16	3.394811e-17	1.476012e-18	5.792200e-20	2.026188e-21	6.219515e-23	1.641031e-24	3.618460e-26	6.400977e-28	8.516338e-30	7.575103e-32	3.378405e-34
9.600000e-03	7.619219e-01	2.053762e-01	2.926890e-02	3.113137e-03	2.915633e-04	2.586331e-05	2.203887e-06	1.794039e-07	1.387557e-08	1.016199e-09	7.024448e-11	4.565489e-12	2.777570e-13	1.573681e-14	8.253962e-16	3.979919e-17	1.749629e-18	6.942419e-20	2.455678e-21	7.622302e-23	2.033751e-24	4.534916e-26	8.112776e-28	1.091609e-29	9.819890e-32	4.429420e-34
9.700000e-03	7.597218e-01	2.069392e-01	2.980261e-02	3.203419e-03	3.032022e-04	2.718212e-05	2.341005e-06	1.926069e-07	1.505677e-08	1.114588e-09	7.787828e-11	5.116511e-12	3.146644e-13	1.802225e-14	9.556049e-16	4.658297e-17	2.070378e-18	8.305746e-20	2.970413e-21	9.322290e-23	2.515003e-24	5.670584e-26	1.025791e-27	1.395727e-29	1.269689e-31	5.791721e-34
9.800000e-03	7.575271e-01	2.084917e-01	3.033956e-02	3.295264e-03	3.151714e-04	2.855299e-05	2.485067e-06	2.066278e-07	1.632463e-08	1.221335e-09	8.625002e-11	5.727342e-12	3.560221e-13	2.061115e-14	1.104712e-15	5.443635e-17	2.445773e-18	9.918897e-20	3.586190e-21	1.137848e-22	3.103549e-24	7.074889e-26	1.294004e-27	1.780228e-29	1.637509e-31	7.552980e-34
9.900000e-03	7.553377e-01	2.100336e-01	3.087972e-02	3.388680e-03	3.274763e-04	2.997735e-05	2.636345e-06	2.215077e-07	1.768452e-08	1.337051e-09	9.542234e-11	6.403763e-12	4.023131e-13	2.354010e-14	1.275227e-15	6.351461e-17	2.884433e-18	1.182445e-19	4.321532e-21	1.386081e-22	3.821877e-24	8.807742e-26	1.628624e-27	2.265238e-29	2.106630e-31	9.824317e-34
1.000000e-02	7.531536e-01	2.115651e-01	3.142304e-02	3.483674e-03	3.401224e-04	3.145669e-05	2.795119e-06	2.372895e-07	1.914205e-08	1.462388e-09	1.054625e-10	7.152048e-12	4.540673e-13	2.684968e-14	1.469964e-15	7.399371e-17	3.396232e-18	1.407171e-19	5.198121e-21	1.685208e-22	4.696897e-24	1.094162e-25	2.045191e-27	2.875651e-29	2.703541e-31	1.274625e-33
1.010000e-02	7.509748e-01	2.130861e-01	3.196948e-02	3.580252e-03	3.531152e-04	3.299250e-05	2.961676e-06	2.540178e-07	2.070313e-08	1.598036e-09	1.164426e-10	7.978995e-12	5.118653e-13	3.058482e-14	1.692072e-15	8.607275e-17	3.992460e-18	1.671769e-19	6.241302e-21	2.045009e-22	5.760751e-24	1.356405e-25	2.562681e-27	3.642193e-29	3.461298e-31	1.649608e-33
1.020000e-02	7.488013e-01	2.145968e-01	3.251901e-02	3.678421e-03	3.664603e-04	3.458631e-05	3.136310e-06	2.717386e-07	2.237397e-08	1.744726e-09	1.284400e-10	8.891971e-12	5.763428e-13	3.479527e-14	1.945072e-15	9.997678e-17	4.686020e-18	1.982821e-19	7.480654e-21	2.477025e-22	7.051771e-24	1.678054e-25	3.204215e-27	4.602712e-29	4.421063e-31	2.129700e-33
1.030000e-02	7.466330e-01	2.160971e-01	3.307159e-02	3.778188e-03	3.801630e-04	3.623966e-05	3.319324e-06	2.905001e-07	2.416106e-08	1.903235e-09	1.415375e-10	9.898950e-12	6.481949e-13	3.953598e-14	2.232900e-15	1.159599e-16	5.491630e-18	2.347917e-19	8.950649e-21	2.994846e-22	8.615586e-24	2.071803e-25	3.997913e-27	5.803739e-29	5.633992e-31	2.742941e-33
1.040000e-02	7.444701e-01	2.175872e-01	3.362717e-02	3.879559e-03	3.942291e-04	3.795413e-05	3.511029e-06	3.103520e-07	2.607123e-08	2.074384e-09	1.558237e-10	1.100855e-11	7.281817e-13	4.486766e-14	2.559945e-15	1.343084e-16	6.426060e-18	2.775797e-19	1.069140e-20	3.614456e-22	1.050643e-23	2.552901e-25	4.977915e-27	7.302367e-29	7.163526e-31	3.524479e-33
1.050000e-02	7.423124e-01	2.190669e-01	3.418572e-02	3.982541e-03	4.086641e-04	3.973129e-05	3.711744e-06	3.313458e-07	2.811161e-08	2.259043e-09	1.713934e-10	1.223010e-11	8.171328e-13	5.085727e-14	2.931102e-15	1.553452e-16	7.508397e-18	3.276512e-19	1.274951e-20	4.354624e-22	1.278866e-23	3.139634e-25	6.185591e-27	9.168520e-29	9.088190e-31	4.518283e-33
1.060000e-02	7.401599e-01	2.205364e-01	3.474720e-02	4.087138e-03	4.234734e-04	4.157277e-05	3.921796e-06	3.535351e-07	3.028968e-08	2.458134e-09	1.883481e-10	1.357366e-11	9.159534e-13	5.757864e-14	3.351820e-15	1.794332e-16	8.760339e-18	3.861605e-19	1.517909e-20	5.237356e-22	1.553851e-23	3.853893e-25	7.670988e-27	1.148767e-28	1.150499e-30	5.779245e-33
1.070000e-02	7.380127e-01	2.219957e-01	3.531157e-02	4.193359e-03	4.386628e-04	4.348022e-05	4.141519e-06	3.769752e-07	3.261327e-08	2.672630e-09	2.067959e-10	1.505009e-11	1.025630e-12	6.511305e-14	3.828162e-15	2.069803e-16	1.020652e-17	4.544315e-19	1.804280e-20	6.288417e-22	1.884617e-23	4.721840e-25	9.494544e-27	1.436413e-28	1.453352e-30	7.375752e-33
1.080000e-02	7.358707e-01	2.234448e-01	3.587879e-02	4.301207e-03	4.542378e-04	4.545528e-05	4.371259e-06	4.017235e-07	3.509058e-08	2.903559e-09	2.268525e-10	1.667111e-11	1.147238e-12	7.354994e-14	4.366865e-15	2.384445e-16	1.187486e-17	5.339811e-19	2.141318e-20	7.537929e-22	2.281816e-23	5.774696e-25	1.172912e-26	1.792492e-28	1.832098e-30	9.392845e-33
1.090000e-02	7.337338e-01	2.248839e-01	3.644882e-02	4.410689e-03	4.702040e-04	4.749965e-05	4.611367e-06	4.278396e-07	3.773017e-08	3.152009e-09	2.486411e-10	1.844933e-11	1.281948e-12	8.298762e-14	4.975411e-15	2.743396e-16	1.379703e-17	6.265446e-19	2.537407e-20	9.021059e-22	2.758011e-23	7.049653e-25	1.446241e-26	2.232453e-28	2.304818e-30	1.193606e-32
1.100000e-02	7.316022e-01	2.263128e-01	3.702163e-02	4.521810e-03	4.865670e-04	4.961504e-05	4.862204e-06	4.553849e-07	4.054100e-08	3.419128e-09	2.722934e-10	2.039835e-11	1.431030e-12	9.353408e-14	5.662098e-15	3.152409e-16	1.600880e-17	7.341054e-19	3.002225e-20	1.077881e-21	3.327995e-23	8.590956e-25	1.779978e-26	2.775044e-28	2.893683e-30	1.513614e-32
1.110000e-02	7.294758e-01	2.277317e-01	3.759718e-02	4.634577e-03	5.033325e-04	5.180318e-05	5.124140e-06	4.844231e-07	4.353243e-08	3.706127e-09	2.979495e-10	2.253279e-11	1.595869e-12	1.053078e-13	6.436122e-15	3.617924e-16	1.855066e-17	8.589272e-19	3.546926e-20	1.285891e-21	4.009167e-23	1.045115e-24	2.186765e-26	3.442987e-28	3.625830e-30	1.915472e-32
1.120000e-02	7.273545e-01	2.291405e-01	3.817543e-02	4.748993e-03	5.205062e-04	5.406583e-05	5.397555e-06	5.150200e-07	4.671425e-08	4.014284e-09	3.257586e-10	2.486839e-11	1.777965e-12	1.184388e-13	7.307666e-15	4.147141e-16	2.146829e-17	1.003591e-18	4.184355e-20	1.531687e-21	4.821954e-23	1.269257e-24	2.681743e-26	4.263766e-28	4.534419e-30	2.419130e-32
