0.000000	1.000000e+00	0.000000e+00	0.000000e+00
0.000100	9.950141e-01	4.975899e-03	9.966190e-06
0.000200	9.900564e-01	9.903859e-03	3.973015e-05
0.000300	9.851266e-01	1.478427e-02	8.909138e-05
0.000400	9.802246e-01	1.961752e-02	1.578512e-04
0.000500	9.753502e-01	2.440399e-02	2.458129e-04
0.000600	9.705032e-01	2.914406e-02	3.527814e-04
0.000700	9.656833e-01	3.383812e-02	4.785636e-04
0.000800	9.608905e-01	3.848652e-02	6.229682e-04
0.000900	9.561245e-01	4.308966e-02	7.858054e-04
0.001000	9.513852e-01	4.764788e-02	9.668874e-04
0.001100	9.466724e-01	5.216156e-02	1.166028e-03
0.001200	9.419859e-01	5.663105e-02	1.383043e-03
0.001300	9.373255e-01	6.105673e-02	1.617750e-03
0.001400	9.326911e-01	6.543893e-02	1.869967e-03
0.001500	9.280825e-01	6.977801e-02	2.139515e-03
0.001600	9.234995e-01	7.407432e-02	2.426217e-03
0.001700	9.189419e-01	7.832821e-02	2.729897e-03
0.001800	9.144096e-01	8.254001e-02	3.050379e-03
0.001900	9.099024e-01	8.671008e-02	3.387491e-03
0.002000	9.054202e-01	9.083874e-02	3.741062e-03
0.002100	9.009627e-01	9.492633e-02	4.110922e-03
0.002200	8.965299e-01	9.897318e-02	4.496903e-03
0.002300	8.921215e-01	1.029796e-01	4.898838e-03
0.002400	8.877375e-01	1.069460e-01	5.316562e-03
0.002500	8.833775e-01	1.108726e-01	5.749911e-03
0.002600	8.790416e-01	1.147597e-01	6.198724e-03
0.002700	8.747294e-01	1.186077e-01	6.662840e-03
0.002800	8.704410e-01	1.224169e-01	7.142099e-03
0.002900	8.661760e-01	1.261877e-01	7.636344e-03
0.003000	8.619344e-01	1.299202e-01	8.145418e-03
0.003100	8.577160e-01	1.336148e-01	8.669167e-03
0.003200	8.535207e-01	1.372719e-01	9.207437e-03
0.003300	8.493483e-01	1.408917e-01	9.760077e-03
0.003400	8.451986e-01	1.444745e-01	1.032693e-02
0.003500	8.410716e-01	1.480206e-01	1.090786e-02
0.003600	8.369670e-01	1.515303e-01	1.150271e-02
0.003700	8.328847e-01	1.550040e-01	1.211133e-02
0.003800	8.288246e-01	1.584418e-01	1.273358e-02
0.003900	8.247866e-01	1.618441e-01	1.336931e-02
0.004000	8.207705e-01	1.652112e-01	1.401839e-02
0.004100	8.167761e-01	1.685433e-01	1.468067e-02
0.004200	8.128033e-01	1.718407e-01	1.535601e-02
0.004300	8.088520e-01	1.751038e-01	1.604427e-02
0.004400	8.049220e-01	1.783327e-01	1.674531e-02
0.004500	8.010133e-01	1.815277e-01	1.745900e-02
0.004600	7.971256e-01	1.846892e-01	1.818520e-02
0.004700	7.932588e-01	1.878174e-01	1.892378e-02
0.004800	7.894129e-01	1.909125e-01	1.967461e-02
0.004900	7.855876e-01	1.939749e-01	2.043755e-02
0.005000	7.817828e-01	1.970047e-01	2.121247e-02
0.005100	7.779985e-01	2.000022e-01	2.199925e-02
0.005200	7.742345e-01	2.029678e-01	2.279775e-02
0.005300	7.704906e-01	2.059016e-01	2.360785e-02
0.005400	7.667667e-01	2.088039e-01	2.442943e-02
0.005500	7.630627e-01	2.116749e-01	2.526235e-02
0.005600	7.593785e-01	2.145150e-01	2.610650e-02
0.005700	7.557139e-01	2.173243e-01	2.696175e-02
0.005800	7.520689e-01	2.201031e-01	2.782798e-02
0.005900	7.484433e-01	2.228516e-01	2.870507e-02
0.006000	7.448369e-01	2.255702e-01	2.959291e-02
0.006100	7.412498e-01	2.282589e-01	3.049136e-02
0.006200	7.376816e-01	2.309181e-01	3.140032e-02
0.006300	7.341324e-01	2.335479e-01	3.231968e-02
0.006400	7.306020e-01	2.361487e-01	3.324930e-02
0.006500	7.270903e-01	2.387207e-01	3.418909e-02
0.006600	7.235971e-01	2.412640e-01	3.513892e-02
0.006700	7.201224e-01	2.437789e-01	3.609869e-02
0.006800	7.166661e-01	2.462657e-01	3.706828e-02
0.006900	7.132279e-01	2.487245e-01	3.804759e-02
0.007000	7.098079e-01	2.511556e-01	3.903650e-02
0.007100	7.064059e-01	2.535592e-01	4.003491e-02
0.007200	7.030218e-01	2.559355e-01	4.104271e-02
0.007300	6.996555e-01	2.582847e-01	4.205980e-02
0.007400	6.963068e-01	2.606071e-01	4.308606e-02
0.007500	6.929758e-01	2.629028e-01	4.412139e-02
0.007600	6.896621e-01	2.651722e-01	4.516570e-02
0.007700	6.863659e-01	2.674153e-01	4.621887e-02
0.007800	6.830868e-01	2.696324e-01	4.728081e-02
0.007900	6.798249e-01	2.718236e-01	4.835142e-02
0.008000	6.765801e-01	2.739893e-01	4.943059e-02
0.008100	6.733521e-01	2.761296e-01	5.051823e-02
0.008200	6.701410e-01	2.782447e-01	5.161423e-02
0.008300	6.669467e-01	2.803348e-01	5.271851e-02
0.008400	6.637689e-01	2.824001e-01	5.383097e-02
0.008500	6.606077e-01	2.844408e-01	5.495150e-02
0.008600	6.574629e-01	2.864571e-01	5.608001e-02
0.008700	6.543344e-01	2.884492e-01	5.721642e-02
0.008800	6.512221e-01	2.904173e-01	5.836063e-02
0.008900	6.481260e-01	2.923615e-01	5.951254e-02
0.009000	6.450458e-01	2.942821e-01	6.067206e-02
0.009100	6.419817e-01	2.961792e-01	6.183911e-02
0.009200	6.389333e-01	2.980531e-01	6.301359e-02
0.009300	6.359007e-01	2.999039e-01	6.419542e-02
0.009400	6.328837e-01	3.017318e-01	6.538450e-02
0.009500	6.298823e-01	3.035369e-01	6.658075e-02
0.009600	6.268964e-01	3.053195e-01	6.778408e-02
0.009700	6.239258e-01	3.070798e-01	6.899441e-02
0.009800	6.209705e-01	3.088179e-01	7.021165e-02
0.009900	6.180303e-01	3.105339e-01	7.143572e-02
0.010000	6.151053e-01	3.122282e-01	7.266652e-02
0.010100	6.121953e-01	3.139007e-01	7.390399e-02
0.010200	6.093001e-01	3.155518e-01	7.514804e-02
0.010300	6.064198e-01	3.171816e-01	7.639858e-02
0.010400	6.035543e-01	3.187902e-01	7.765554e-02
0.010500	6.007033e-01	3.203778e-01	7.891883e-02
0.010600	5.978670e-01	3.219446e-01	8.018837e-02
0.010700	5.950451e-01	3.234908e-01	8.146410e-02
0.010800	5.922376e-01	3.250165e-01	8.274592e-02
0.010900	5.894444e-01	3.265218e-01	8.403376e-02
0.011000	5.866654e-01	3.280070e-01	8.532755e-02
0.011100	5.839006e-01	3.294722e-01	8.662720e-02
0.011200	5.811498e-01	3.309175e-01	8.793265e-02
0.011300	5.784130e-01	3.323432e-01	8.924382e-02
0.011400	5.756901e-01	3.337493e-01	9.056063e-02
0.011500	5.729809e-01	3.351361e-01	9.188301e-02
0.011600	5.702855e-01	3.365036e-01	9.321089e-02
0.011700	5.676038e-01	3.378520e-01	9.454419e-02
0.011800	5.649356e-01	3.391816e-01	9.588285e-02
0.011900	5.622809e-01	3.404923e-01	9.722680e-02
0.012000	5.596396e-01	3.417845e-01	9.857595e-02
0.012100	5.570116e-01	3.430582e-01	9.993025e-02
0.012200	5.543969e-01	3.443135e-01	1.012896e-01
0.012300	5.517953e-01	3.455507e-01	1.026540e-01
0.012400	5.492069e-01	3.467698e-01	1.040233e-01
0.012500	5.466314e-01	3.479711e-01	1.053975e-01
0.012600	5.440689e-01	3.491546e-01	1.067765e-01
0.012700	5.415193e-01	3.503205e-01	1.081602e-01
0.012800	5.389825e-01	3.514689e-01	1.095486e-01
0.012900	5.364584e-01	3.526000e-01	1.109416e-01
0.013000	5.339469e-01	3.537139e-01	1.123392e-01
0.013100	5.314480e-01	3.548108e-01	1.137412e-01
0.013200	5.289616e-01	3.558907e-01	1.151477e-01
0.013300	5.264877e-01	3.569539e-01	1.165585e-01
0.013400	5.240261e-01	3.580004e-01	1.179736e-01
0.013500	5.215768e-01	3.590304e-01	1.193929e-01
0.013600	5.191397e-01	3.600440e-01	1.208164e-01
0.013700	5.167147e-01	3.610413e-01	1.222440e-01
0.013800	5.143018e-01	3.620226e-01	1.236756e-01
0.013900	5.119010e-01	3.629878e-01	1.251113e-01
0.014000	5.095120e-01	3.639372e-01	1.265508e-01
0.014100	5.071350e-01	3.648708e-01	1.279942e-01
0.014200	5.047697e-01	3.657888e-01	1.294415e-01
0.014300	5.024162e-01	3.666913e-01	1.308925e-01
0.014400	5.000743e-01	3.675785e-01	1.323472e-01
0.014500	4.977441e-01	3.684504e-01	1.338055e-01
0.014600	4.954253e-01	3.693072e-01	1.352674e-01
0.014700	4.931181e-01	3.701490e-01	1.367329e-01
0.014800	4.908222e-01	3.709759e-01	1.382018e-01
0.014900	4.885377e-01	3.717881e-01	1.396742e-01
0.015000	4.862645e-01	3.725856e-01	1.411499e-01
0.015100	4.840025e-01	3.733686e-01	1.426289e-01
0.015200	4.817516e-01	3.741372e-01	1.441112e-01
0.015300	4.795118e-01	3.748915e-01	1.455967e-01
0.015400	4.772831e-01	3.756316e-01	1.470854e-01
0.015500	4.750652e-01	3.763576e-01	1.485771e-01
0.015600	4.728583e-01	3.770698e-01	1.500719e-01
0.015700	4.706623e-01	3.777680e-01	1.515697e-01
0.015800	4.684770e-01	3.784526e-01	1.530705e-01
0.015900	4.663024e-01	3.791235e-01	1.545741e-01
0.016000	4.641385e-01	3.797809e-01	1.560806e-01
0.016100	4.619851e-01	3.804249e-01	1.575899e-01
0.016200	4.598424e-01	3.810557e-01	1.591020e-01
0.016300	4.577100e-01	3.816732e-01	1.606168e-01
0.016400	4.555881e-01	3.822777e-01	1.621342e-01
0.016500	4.534766e-01	3.828692e-01	1.636542e-01
0.016600	4.513754e-01	3.834478e-01	1.651768e-01
0.016700	4.492844e-01	3.840137e-01	1.667019e-01
0.016800	4.472036e-01	3.845669e-01	1.682295e-01
0.016900	4.451329e-01	3.851076e-01	1.697595e-01
0.017000	4.430723e-01	3.856358e-01	1.712919e-01
0.017100	4.410217e-01	3.861517e-01	1.728266e-01
0.017200	4.389811e-01	3.866553e-01	1.743636e-01
0.017300	4.369504e-01	3.871468e-01	1.759028e-01
0.017400	4.349296e-01	3.876262e-01	1.774443e-01
0.017500	4.329185e-01	3.880936e-01	1.789879e-01
0.017600	4.309172e-01	3.885492e-01	1.805336e-01
0.017700	4.289256e-01	3.889930e-01	1.820814e-01
0.017800	4.269436e-01	3.894252e-01	1.836312e-01
0.017900	4.249712e-01	3.898458e-01	1.851830e-01
0.018000	4.230083e-01	3.902549e-01	1.867368e-01
0.018100	4.210549e-01	3.906527e-01	1.882924e-01
0.018200	4.191110e-01	3.910391e-01	1.898499e-01
0.018300	4.171764e-01	3.914143e-01	1.914093e-01
0.018400	4.152511e-01	3.917785e-01	1.929704e-01
0.018500	4.133351e-01	3.921316e-01	1.945333e-01
0.018600	4.114283e-01	3.924738e-01	1.960978e-01
0.018700	4.095307e-01	3.928052e-01	1.976641e-01
0.018800	4.076423e-01	3.931258e-01	1.992319e-01
0.018900	4.057628e-01	3.934358e-01	2.008014e-01
0.019000	4.038924e-01	3.937352e-01	2.023724e-01
0.019100	4.020310e-01	3.940241e-01	2.039449e-01
0.019200	4.001785e-01	3.943026e-01	2.055189e-01
0.019300	3.983349e-01	3.945708e-01	2.070943e-01
0.019400	3.965001e-01	3.948288e-01	2.086712e-01
0.019500	3.946741e-01	3.950766e-01	2.102493e-01
0.019600	3.928568e-01	3.953144e-01	2.118289e-01
0.019700	3.910482e-01	3.955422e-01	2.134097e-01
0.019800	3.892482e-01	3.957601e-01	2.149917e-01
0.019900	3.874568e-01	3.959682e-01	2.165750e-01
0.020000	3.856740e-01	3.961665e-01	2.181595e-01
0.020100	3.838996e-01	3.963553e-01	2.197451e-01
0.020200	3.821337e-01	3.965344e-01	2.213319e-01
0.020300	3.803762e-01	3.967041e-01	2.229197e-01
0.020400	3.786271e-01	3.968643e-01	2.245086e-01
0.020500	3.768862e-01	3.970153e-01	2.260985e-01
0.020600	3.751537e-01	3.971569e-01	2.276894e-01
0.020700	3.734294e-01	3.972894e-01	2.292812e-01
0.020800	3.717132e-01	3.974128e-01	2.308740e-01
0.020900	3.700052e-01	3.975272e-01	2.324676e-01
0.021000	3.683053e-01	3.976326e-01	2.340621e-01
0.021100	3.666134e-01	3.977292e-01	2.356574e-01
0.021200	3.649295e-01	3.978169e-01	2.372536e-01
0.021300	3.632536e-01	3.978959e-01	2.388504e-01
0.021400	3.615856e-01	3.979663e-01	2.404480e-01
0.021500	3.599255e-01	3.980281e-01	2.420464e-01
0.021600	3.582733e-01	3.980814e-01	2.436453e-01
0.021700	3.566288e-01	3.981263e-01	2.452450e-01
0.021800	3.549921e-01	3.981628e-01	2.468452e-01
0.021900	3.533630e-01	3.981910e-01	2.484460e-01
0.022000	3.517417e-01	3.982109e-01	2.500474e-01
0.022100	3.501280e-01	3.982228e-01	2.516492e-01
0.022200	3.485219e-01	3.982265e-01	2.532516e-01
0.022300	3.469233e-01	3.982222e-01	2.548545e-01
0.022400	3.453322e-01	3.982100e-01	2.564578e-01
0.022500	3.437486e-01	3.981899e-01	2.580615e-01
0.022600	3.421724e-01	3.981620e-01	2.596655e-01
0.022700	3.406037e-01	3.981264e-01	2.612700e-01
0.022800	3.390422e-01	3.980830e-01	2.628747e-01
0.022900	3.374881e-01	3.980321e-01	2.644798e-01
0.023000	3.359413e-01	3.979736e-01	2.660851e-01
0.023100	3.344017e-01	3.979076e-01	2.676907e-01
0.023200	3.328692e-01	3.978342e-01	2.692966e-01
0.023300	3.313440e-01	3.977535e-01	2.709026e-01
0.023400	3.298258e-01	3.976654e-01	2.725087e-01
0.023500	3.283148e-01	3.975701e-01	2.741151e-01
0.023600	3.268108e-01	3.974677e-01	2.757215e-01
0.023700	3.253138e-01	3.973582e-01	2.773281e-01
0.023800	3.238238e-01	3.972416e-01	2.789347e-01
0.023900	3.223407e-01	3.971180e-01	2.805413e-01
0.024000	3.208645e-01	3.969875e-01	2.821480e-01
0.024100	3.193951e-01	3.968501e-01	2.837547e-01
0.024200	3.179326e-01	3.967060e-01	2.853614e-01
0.024300	3.164769e-01	3.965551e-01	2.869680e-01
0.024400	3.150280e-01	3.963975e-01	2.885745e-01
0.024500	3.135857e-01	3.962333e-01	2.901810e-01
0.024600	3.121502e-01	3.960625e-01	2.917873e-01
0.024700	3.107213e-01	3.958852e-01	2.933935e-01
0.024800	3.092990e-01	3.957015e-01	2.949995e-01
0.024900	3.078833e-01	3.955114e-01	2.966053e-01
0.025000	3.064742e-01	3.953149e-01	2.982109e-01
0.025100	3.050715e-01	3.951121e-01	2.998163e-01
0.025200	3.036753e-01	3.949032e-01	3.014215e-01
0.025300	3.022856e-01	3.946880e-01	3.030264e-01
0.025400	3.009023e-01	3.944667e-01	3.046309e-01
0.025500	2.995254e-01	3.942394e-01	3.062352e-01
0.025600	2.981548e-01	3.940060e-01	3.078391e-01
0.025700	2.967906e-01	3.937667e-01	3.094427e-01
0.025800	2.954326e-01	3.935215e-01	3.110459e-01
0.025900	2.940809e-01	3.932705e-01	3.126487e-01
0.026000	2.927353e-01	3.930136e-01	3.142510e-01
0.026100	2.913960e-01	3.927510e-01	3.158530e-01
0.026200	2.900628e-01	3.924827e-01	3.174545e-01
0.026300	2.887358e-01	3.922088e-01	3.190555e-01
0.026400	2.874148e-01	3.919293e-01	3.206560e-01
0.026500	2.860999e-01	3.916442e-01	3.222559e-01
0.026600	2.847910e-01	3.913536e-01	3.238554e-01
0.026700	2.834881e-01	3.910576e-01	3.254543e-01
0.026800	2.821912e-01	3.907562e-01	3.270526e-01
0.026900	2.809002e-01	3.904495e-01	3.286504e-01
0.027000	2.796151e-01	3.901374e-01	3.302475e-01
0.027100	2.783359e-01	3.898201e-01	3.318440e-01
0.027200	2.770625e-01	3.894977e-01	3.334398e-01
0.027300	2.757949e-01	3.891700e-01	3.350350e-01
0.027400	2.745332e-01	3.888373e-01	3.366295e-01
0.027500	2.732771e-01	3.884995e-01	3.382234e-01
0.027600	2.720268e-01	3.881567e-01	3.398165e-01
0.027700	2.707822e-01	3.878089e-01	3.414088e-01
0.027800	2.695433e-01	3.874563e-01	3.430004e-01
0.027900	2.683100e-01	3.870987e-01	3.445913e-01
0.028000	2.670823e-01	3.867363e-01	3.461814e-01
0.028100	2.658602e-01	3.863692e-01	3.477706e-01
0.028200	2.646437e-01	3.859973e-01	3.493591e-01
0.028300	2.634326e-01	3.856207e-01	3.509467e-01
0.028400	2.622271e-01	3.852394e-01	3.525335e-01
0.028500	2.610270e-01	3.848536e-01	3.541194e-01
0.028600	2.598324e-01	3.844632e-01	3.557044e-01
0.028700	2.586432e-01	3.840682e-01	3.572886e-01
0.028800	2.574594e-01	3.836688e-01	3.588718e-01
0.028900	2.562809e-01	3.832650e-01	3.604541e-01
0.029000	2.551078e-01	3.828568e-01	3.620355e-01
0.029100	2.539399e-01	3.824442e-01	3.636159e-01
0.029200	2.527774e-01	3.820273e-01	3.651953e-01
0.029300	2.516201e-01	3.816061e-01	3.667738e-01
0.029400	2.504680e-01	3.811808e-01	3.683512e-01
0.029500	2.493211e-01	3.807512e-01	3.699277e-01
0.029600	2.481794e-01	3.803175e-01	3.715031e-01
0.029700	2.470429e-01	3.798797e-01	3.730775e-01
0.029800	2.459114e-01	3.794378e-01	3.746508e-01
0.029900	2.447851e-01	3.789919e-01	3.762230e-01
0.030000	2.436638e-01	3.785420e-01	3.777942e-01
0.030100	2.425476e-01	3.780881e-01	3.793643e-01
0.030200	2.414364e-01	3.776304e-01	3.809333e-01
0.030300	2.403301e-01	3.771688e-01	3.825011e-01
0.030400	2.392289e-01	3.767033e-01	3.840678e-01
0.030500	2.381326e-01	3.762341e-01	3.856334e-01
0.030600	2.370412e-01	3.757611e-01	3.871978e-01
0.030700	2.359547e-01	3.752843e-01	3.887610e-01
0.030800	2.348731e-01	3.748039e-01	3.903230e-01
0.030900	2.337963e-01	3.743199e-01	3.918839e-01
0.031000	2.327243e-01	3.738322e-01	3.934435e-01
0.031100	2.316572e-01	3.733410e-01	3.950019e-01
0.031200	2.305948e-01	3.728462e-01	3.965591e-01
0.031300	2.295371e-01	3.723479e-01	3.981150e-01
0.031400	2.284842e-01	3.718462e-01	3.996696e-01
0.031500	2.274360e-01	3.713410e-01	4.012230e-01
0.031600	2.263925e-01	3.708324e-01	4.027751e-01
0.031700	2.253536e-01	3.703204e-01	4.043260e-01
0.031800	2.243194e-01	3.698052e-01	4.058755e-01
0.031900	2.232897e-01	3.692866e-01	4.074237e-01
0.032000	2.222647e-01	3.687648e-01	4.089705e-01
0.032100	2.212442e-01	3.682397e-01	4.105161e-01
0.032200	2.202283e-01	3.677115e-01	4.120602e-01
0.032300	2.192168e-01	3.671801e-01	4.136031e-01
0.032400	2.182099e-01	3.666456e-01	4.151445e-01
0.032500	2.172075e-01	3.661079e-01	4.166846e-01
0.032600	2.162095e-01	3.655672e-01	4.182233e-01
0.032700	2.152159e-01	3.650235e-01	4.197605e-01
0.032800	2.142268e-01	3.644768e-01	4.212964e-01
0.032900	2.132420e-01	3.639271e-01	4.228309e-01
0.033000	2.122616e-01	3.633745e-01	4.243639e-01
0.033100	2.112856e-01	3.628190e-01	4.258955e-01
0.033200	2.103138e-01	3.622606e-01	4.274256e-01
0.033300	2.093464e-01	3.616994e-01	4.289542e-01
0.033400	2.083832e-01	3.611353e-01	4.304814e-01
0.033500	2.074244e-01	3.605685e-01	4.320072e-01
0.033600	2.064697e-01	3.599989e-01	4.335314e-01
0.033700	2.055193e-01	3.594266e-01	4.350541e-01
0.033800	2.045730e-01	3.588516e-01	4.365753e-01
0.033900	2.036310e-01	3.582740e-01	4.380950e-01
0.034000	2.026931e-01	3.576937e-01	4.396132e-01
0.034100	2.017593e-01	3.571108e-01	4.411299e-01
0.034200	2.008297e-01	3.565253e-01	4.426450e-01
0.034300	1.999041e-01	3.559373e-01	4.441585e-01
0.034400	1.989827e-01	3.553468e-01	4.456705e-01
0.034500	1.980652e-01	3.547538e-01	4.471809e-01
0.034600	1.971519e-01	3.541583e-01	4.486898e-01
0.034700	1.962425e-01	3.535604e-01	4.501971e-01
0.034800	1.953371e-01	3.529601e-01	4.517027e-01
0.034900	1.944357e-01	3.523574e-01	4.532068e-01
0.035000	1.935383e-01	3.517524e-01	4.547093e-01
0.035100	1.926448e-01	3.511450e-01	4.562101e-01
0.035200	1.917553e-01	3.505354e-01	4.577094e-01
0.035300	1.908696e-01	3.499234e-01	4.592070e-01
0.035400	1.899878e-01	3.493093e-01	4.607029e-01
0.035500	1.891099e-01	3.486929e-01	4.621973e-01
0.035600	1.882358e-01	3.480743e-01	4.636899e-01
0.035700	1.873655e-01	3.474535e-01	4.651809e-01
0.035800	1.864991e-01	3.468307e-01	4.666702e-01
0.035900	1.856364e-01	3.462056e-01	4.681579e-01
0.036000	1.847776e-01	3.455786e-01	4.696439e-01
0.036100	1.839224e-01	3.449494e-01	4.711282e-01
0.036200	1.830710e-01	3.443182e-01	4.726108e-01
0.036300	1.822234e-01	3.436850e-01	4.740916e-01
0.036400	1.813794e-01	3.430498e-01	4.755708e-01
0.036500	1.805391e-01	3.424126e-01	4.770483e-01
0.036600	1.797025e-01	3.417735e-01	4.785240e-01
0.036700	1.788695e-01	3.411325e-01	4.799980e-01
0.036800	1.780401e-01	3.404896e-01	4.814703e-01
0.036900	1.772144e-01	3.398448e-01	4.829409e-01
0.037000	1.763922e-01	3.391981e-01	4.844097e-01
0.037100	1.755736e-01	3.385497e-01	4.858767e-01
0.037200	1.747586e-01	3.378994e-01	4.873420e-01
0.037300	1.739471e-01	3.372474e-01	4.888055e-01
0.037400	1.731392e-01	3.365936e-01	4.902672e-01
0.037500	1.723347e-01	3.359381e-01	4.917272e-01
0.037600	1.715338e-01	3.352808e-01	4.931854e-01
0.037700	1.707363e-01	3.346219e-01	4.946417e-01
0.037800	1.699423e-01	3.339614e-01	4.960963e-01
0.037900	1.691517e-01	3.332991e-01	4.975491e-01
0.038000	1.683646e-01	3.326353e-01	4.990001e-01
0.038100	1.675808e-01	3.319698e-01	5.004493e-01
0.038200	1.668005e-01	3.313028e-01	5.018967e-01
0.038300	1.660235e-01	3.306343e-01	5.033422e-01
0.038400	1.652499e-01	3.299641e-01	5.047859e-01
0.038500	1.644796e-01	3.292925e-01	5.062278e-01
0.038600	1.637127e-01	3.286194e-01	5.076679e-01
0.038700	1.629491e-01	3.279448e-01	5.091061e-01
0.038800	1.621888e-01	3.272688e-01	5.105425e-01
0.038900	1.614317e-01	3.265913e-01	5.119770e-01
0.039000	1.606779e-01	3.259124e-01	5.134096e-01
0.039100	1.599274e-01	3.252321e-01	5.148404e-01
0.039200	1.591801e-01	3.245505e-01	5.162694e-01
0.039300	1.584360e-01	3.238675e-01	5.176964e-01
0.039400	1.576952e-01	3.231832e-01	5.191216e-01
0.039500	1.569575e-01	3.224975e-01	5.205450e-01
0.039600	1.562230e-01	3.218106e-01	5.219664e-01
0.039700	1.554917e-01	3.211224e-01	5.233859e-01
0.039800	1.547635e-01	3.204329e-01	5.248036e-01
0.039900	1.540384e-01	3.197423e-01	5.262194e-01
0.040000	1.533164e-01	3.190503e-01	5.276332e-01
0.040100	1.525976e-01	3.183572e-01	5.290452e-01
0.040200	1.518818e-01	3.176630e-01	5.304552e-01
0.040300	1.511691e-01	3.169675e-01	5.318634e-01
0.040400	1.504595e-01	3.162709e-01	5.332696e-01
0.040500	1.497529e-01	3.155732e-01	5.346739e-01
0.040600	1.490493e-01	3.148744e-01	5.360763e-01
0.040700	1.483488e-01	3.141745e-01	5.374768e-01
0.040800	1.476512e-01	3.134735e-01	5.388753e-01
0.040900	1.469566e-01	3.127715e-01	5.402719e-01
0.041000	1.462650e-01	3.120684e-01	5.416666e-01
0.041100	1.455764e-01	3.113643e-01	5.430593e-01
0.041200	1.448907e-01	3.106592e-01	5.444501e-01
0.041300	1.442079e-01	3.099532e-01	5.458389e-01
0.041400	1.435281e-01	3.092461e-01	5.472258e-01
0.041500	1.428511e-01	3.085381e-01	5.486107e-01
0.041600	1.421771e-01	3.078292e-01	5.499937e-01
0.041700	1.415059e-01	3.071194e-01	5.513747e-01
0.041800	1.408376e-01	3.064086e-01	5.527538e-01
0.041900	1.401721e-01	3.056970e-01	5.541309e-01
0.042000	1.395095e-01	3.049845e-01	5.555060e-01
0.042100	1.388497e-01	3.042712e-01	5.568792e-01
0.042200	1.381927e-01	3.035570e-01	5.582503e-01
0.042300	1.375384e-01	3.028420e-01	5.596195e-01
0.042400	1.368870e-01	3.021262e-01	5.609868e-01
0.042500	1.362384e-01	3.014096e-01	5.623520e-01
0.042600	1.355925e-01	3.006923e-01	5.637153e-01
0.042700	1.349493e-01	2.999741e-01	5.650765e-01
0.042800	1.343089e-01	2.992553e-01	5.664358e-01
0.042900	1.336712e-01	2.985357e-01	5.677931e-01
0.043000	1.330362e-01	2.978154e-01	5.691484e-01
0.043100	1.324039e-01	2.970944e-01	5.705017e-01
0.043200	1.317743e-01	2.963727e-01	5.718530e-01
0.043300	1.311473e-01	2.956503e-01	5.732023e-01
0.043400	1.305230e-01	2.949273e-01	5.745496e-01
0.043500	1.299014e-01	2.942037e-01	5.758949e-01
0.043600	1.292824e-01	2.934794e-01	5.772382e-01
0.043700	1.286660e-01	2.927545e-01	5.785795e-01
0.043800	1.280522e-01	2.920290e-01	5.799188e-01
0.043900	1.274410e-01	2.913030e-01	5.812560e-01
0.044000	1.268324e-01	2.905764e-01	5.825912e-01
0.044100	1.262264e-01	2.898492e-01	5.839245e-01
0.044200	1.256229e-01	2.891214e-01	5.852557e-01
0.044300	1.250220e-01	2.883932e-01	5.865848e-01
0.044400	1.244236e-01	2.876644e-01	5.879120e-01
0.044500	1.238277e-01	2.869352e-01	5.892371e-01
0.044600	1.232344e-01	2.862054e-01	5.905602e-01
0.044700	1.226435e-01	2.854752e-01	5.918813e-01
0.044800	1.220552e-01	2.847445e-01	5.932004e-01
0.044900	1.214693e-01	2.840133e-01	5.945174e-01
0.045000	1.208859e-01	2.832818e-01	5.958324e-01
0.045100	1.203049e-01	2.825498e-01	5.971453e-01
0.045200	1.197264e-01	2.818174e-01	5.984562e-01
0.045300	1.191503e-01	2.810846e-01	5.997651e-01
0.045400	1.185767e-01	2.803514e-01	6.010720e-01
0.045500	1.180054e-01	2.796178e-01	6.023768e-01
0.045600	1.174366e-01	2.788839e-01	6.036795e-01
0.045700	1.168701e-01	2.781496e-01	6.049803e-01
0.045800	1.163061e-01	2.774150e-01	6.062789e-01
0.045900	1.157443e-01	2.766801e-01	6.075756e-01
0.046000	1.151850e-01	2.759448e-01	6.088702e-01
0.046100	1.146280e-01	2.752093e-01	6.101627e-01
0.046200	1.140733e-01	2.744735e-01	6.114532e-01
0.046300	1.135210e-01	2.737374e-01	6.127416e-01
0.046400	1.129710e-01	2.730010e-01	6.140280e-01
0.046500	1.124232e-01	2.722644e-01	6.153124e-01
0.046600	1.118778e-01	2.715275e-01	6.165947e-01
0.046700	1.113347e-01	2.707904e-01	6.178749e-01
0.046800	1.107938e-01	2.700531e-01	6.191531e-01
0.046900	1.102552e-01	2.693156e-01	6.204293e-01
0.047000	1.097188e-01	2.685778e-01	6.217034e-01
0.047100	1.091847e-01	2.678399e-01	6.229754e-01
0.047200	1.086528e-01	2.671018e-01	6.242454e-01
0.047300	1.081231e-01	2.663636e-01	6.255133e-01
0.047400	1.075957e-01	2.656252e-01	6.267791e-01
0.047500	1.070704e-01	2.648866e-01	6.280430e-01
0.047600	1.065474e-01	2.641479e-01	6.293047e-01
0.047700	1.060265e-01	2.634091e-01	6.305644e-01
0.047800	1.055078e-01	2.626702e-01	6.318220e-01
0.047900	1.049912e-01	2.619312e-01	6.330776e-01
0.048000	1.044768e-01	2.611921e-01	6.343311e-01
0.048100	1.039646e-01	2.604529e-01	6.355826e-01
0.048200	1.034545e-01	2.597136e-01	6.368319e-01
0.048300	1.029465e-01	2.589743e-01	6.380793e-01
0.048400	1.024406e-01	2.582349e-01	6.393245e-01
0.048500	1.019368e-01	2.574955e-01	6.405678e-01
0.048600	1.014351e-01	2.567560e-01	6.418089e-01
0.048700	1.009355e-01	2.560165e-01	6.430480e-01
0.048800	1.004380e-01	2.552770e-01	6.442850e-01
0.048900	9.994251e-02	2.545375e-01	6.455200e-01
0.049000	9.944911e-02	2.537980e-01	6.467529e-01
0.049100	9.895775e-02	2.530585e-01	6.479837e-01
0.049200	9.846844e-02	2.523191e-01	6.492125e-01
0.049300	9.798115e-02	2.515796e-01	6.504392e-01
0.049400	9.749588e-02	2.508403e-01	6.516639e-01
0.049500	9.701262e-02	2.501009e-01	6.528865e-01
0.049600	9.653137e-02	2.493616e-01	6.541070e-01
0.049700	9.605211e-02	2.486224e-01	6.553255e-01
0.049800	9.557483e-02	2.478833e-01	6.565419e-01
0.049900	9.509953e-02	2.471443e-01	6.577562e-01
0.050000	9.462619e-02	2.464053e-01	6.589685e-01
0.050100	9.415481e-02	2.456665e-01	6.601787e-01
0.050200	9.368539e-02	2.449277e-01	6.613869e-01
0.050300	9.321790e-02	2.441891e-01	6.625930e-01
0.050400	9.275234e-02	2.434506e-01	6.637970e-01
0.050500	9.228871e-02	2.427123e-01	6.649990e-01
0.050600	9.182699e-02	2.419741e-01	6.661989e-01
0.050700	9.136717e-02	2.412360e-01	6.673968e-01
0.050800	9.090926e-02	2.404982e-01	6.685926e-01
0.050900	9.045323e-02	2.397604e-01	6.697863e-01
0.051000	8.999908e-02	2.390229e-01	6.709780e-01
0.051100	8.954680e-02	2.382855e-01	6.721677e-01
0.051200	8.909639e-02	2.375484e-01	6.733552e-01
0.051300	8.864784e-02	2.368114e-01	6.745407e-01
0.051400	8.820113e-02	2.360747e-01	6.757242e-01
0.051500	8.775626e-02	2.353381e-01	6.769056e-01
0.051600	8.731322e-02	2.346018e-01	6.780850e-01
0.051700	8.687200e-02	2.338657e-01	6.792623e-01
0.051800	8.643260e-02	2.331299e-01	6.804375e-01
0.051900	8.599500e-02	2.323943e-01	6.816107e-01
0.052000	8.555921e-02	2.316589e-01	6.827818e-01
0.052100	8.512520e-02	2.309239e-01	6.839509e-01
0.052200	8.469298e-02	2.301890e-01	6.851180e-01
0.052300	8.426253e-02	2.294545e-01	6.862830e-01
0.052400	8.383385e-02	2.287203e-01	6.874459e-01
0.052500	8.340692e-02	2.279863e-01	6.886068e-01
0.052600	8.298175e-02	2.272526e-01	6.897656e-01
0.052700	8.255833e-02	2.265192e-01	6.909224e-01
0.052800	8.213663e-02	2.257862e-01	6.920772e-01
0.052900	8.171667e-02	2.250534e-01	6.932299e-01
0.053000	8.129843e-02	2.243210e-01	6.943806e-01
0.053100	8.088190e-02	2.235889e-01	6.955292e-01
0.053200	8.046707e-02	2.228572e-01	6.966758e-01
0.053300	8.005394e-02	2.221258e-01	6.978203e-01
0.053400	7.964251e-02	2.213947e-01	6.989628e-01
0.053500	7.923275e-02	2.206640e-01	7.001033e-01
0.053600	7.882467e-02	2.199336e-01	7.012417e-01
0.053700	7.841827e-02	2.192037e-01	7.023781e-01
0.053800	7.801352e-02	2.184741e-01	7.035124e-01
0.053900	7.761042e-02	2.177449e-01	7.046447e-01
0.054000	7.720897e-02	2.170160e-01	7.057750e-01
0.054100	7.680916e-02	2.162876e-01	7.069033e-01
0.054200	7.641098e-02	2.155595e-01	7.080295e-01
0.054300	7.601443e-02	2.148319e-01	7.091537e-01
0.054400	7.561949e-02	2.141047e-01	7.102758e-01
0.054500	7.522617e-02	2.133779e-01	7.113959e-01
0.054600	7.483445e-02	2.126515e-01	7.125140e-01
0.054700	7.444432e-02	2.119256e-01	7.136301e-01
0.054800	7.405579e-02	2.112000e-01	7.147442e-01
0.054900	7.366883e-02	2.104750e-01	7.158562e-01
0.055000	7.328345e-02	2.097503e-01	7.169662e-01
0.055100	7.289964e-02	2.090261e-01	7.180742e-01
0.055200	7.251740e-02	2.083024e-01	7.191802e-01
0.055300	7.213670e-02	2.075792e-01	7.202841e-01
0.055400	7.175756e-02	2.068564e-01	7.213861e-01
0.055500	7.137996e-02	2.061341e-01	7.224860e-01
0.055600	7.100389e-02	2.054122e-01	7.235839e-01
0.055700	7.062935e-02	2.046909e-01	7.246798e-01
0.055800	7.025633e-02	2.039700e-01	7.257737e-01
0.055900	6.988483e-02	2.032496e-01	7.268656e-01
0.056000	6.951483e-02	2.025298e-01	7.279554e-01
0.056100	6.914634e-02	2.018104e-01	7.290433e-01
0.056200	6.877934e-02	2.010915e-01	7.301291e-01
0.056300	6.841383e-02	2.003732e-01	7.312130e-01
0.056400	6.804980e-02	1.996554e-01	7.322948e-01
0.056500	6.768725e-02	1.989381e-01	7.333747e-01
0.056600	6.732616e-02	1.982213e-01	7.344525e-01
0.056700	6.696654e-02	1.975051e-01	7.355284e-01
0.056800	6.660838e-02	1.967894e-01	7.366023e-01
0.056900	6.625166e-02	1.960742e-01	7.376741e-01
0.057000	6.589639e-02	1.953596e-01	7.387440e-01
0.057100	6.554256e-02	1.946456e-01	7.398119e-01
0.057200	6.519016e-02	1.939321e-01	7.408778e-01
0.057300	6.483919e-02	1.932191e-01	7.419417e-01
0.057400	6.448963e-02	1.925068e-01	7.430036e-01
0.057500	6.414149e-02	1.917950e-01	7.440635e-01
0.057600	6.379475e-02	1.910838e-01	7.451215e-01
0.057700	6.344941e-02	1.903731e-01	7.461775e-01
0.057800	6.310547e-02	1.896631e-01	7.472314e-01
0.057900	6.276292e-02	1.889536e-01	7.482835e-01
0.058000	6.242175e-02	1.882448e-01	7.493335e-01
0.058100	6.208195e-02	1.875365e-01	7.503816e-01
0.058200	6.174353e-02	1.868288e-01	7.514277e-01
0.058300	6.140647e-02	1.861218e-01	7.524718e-01
0.058400	6.107077e-02	1.854153e-01	7.535139e-01
0.058500	6.073643e-02	1.847095e-01	7.545541e-01
0.058600	6.040343e-02	1.840042e-01	7.555923e-01
0.058700	6.007177e-02	1.832996e-01	7.566286e-01
0.058800	5.974145e-02	1.825957e-01	7.576629e-01
0.058900	5.941246e-02	1.818923e-01	7.586952e-01
0.059000	5.908479e-02	1.811896e-01	7.597256e-01
0.059100	5.875844e-02	1.804875e-01	7.607540e-01
0.059200	5.843341e-02	1.797861e-01	7.617805e-01
0.059300	5.810968e-02	1.790853e-01	7.628050e-01
0.059400	5.778725e-02	1.783852e-01	7.638276e-01
0.059500	5.746612e-02	1.776857e-01	7.648482e-01
0.059600	5.714628e-02	1.769868e-01	7.658669e-01
0.059700	5.682773e-02	1.762887e-01	7.668836e-01
0.059800	5.651045e-02	1.755912e-01	7.678984e-01
0.059900	5.619445e-02	1.748943e-01	7.689112e-01
0.060000	5.587972e-02	1.741981e-01	7.699221e-01
0.060100	5.556625e-02	1.735026e-01	7.709311e-01
0.060200	5.525403e-02	1.728078e-01	7.719381e-01
0.060300	5.494307e-02	1.721137e-01	7.729433e-01
0.060400	5.463336e-02	1.714202e-01	7.739464e-01
0.060500	5.432489e-02	1.707274e-01	7.749477e-01
0.060600	5.401765e-02	1.700354e-01	7.759470e-01
0.060700	5.371165e-02	1.693440e-01	7.769444e-01
0.060800	5.340687e-02	1.686533e-01	7.779398e-01
0.060900	5.310332e-02	1.679633e-01	7.789334e-01
0.061000	5.280097e-02	1.672740e-01	7.799250e-01
0.061100	5.249984e-02	1.665854e-01	7.809147e-01
0.061200	5.219991e-02	1.658975e-01	7.819025e-01
0.061300	5.190119e-02	1.652104e-01	7.828884e-01
0.061400	5.160365e-02	1.645239e-01	7.838724e-01
0.061500	5.130731e-02	1.638382e-01	7.848545e-01
0.061600	5.101215e-02	1.631532e-01	7.858346e-01
0.061700	5.071818e-02	1.624689e-01	7.868129e-01
0.061800	5.042537e-02	1.617854e-01	7.877893e-01
0.061900	5.013374e-02	1.611025e-01	7.887637e-01
0.062000	4.984327e-02	1.604205e-01	7.897363e-01
0.062100	4.955396e-02	1.597391e-01	7.907069e-01
0.062200	4.926581e-02	1.590585e-01	7.916757e-01
0.062300	4.897880e-02	1.583786e-01	7.926426e-01
0.062400	4.869294e-02	1.576995e-01	7.936076e-01
0.062500	4.840822e-02	1.570211e-01	7.945707e-01
0.062600	4.812464e-02	1.563434e-01	7.955319e-01
0.062700	4.784218e-02	1.556665e-01	7.964913e-01
0.062800	4.756086e-02	1.549904e-01	7.974487e-01
0.062900	4.728065e-02	1.543150e-01	7.984043e-01
0.063000	4.700156e-02	1.536404e-01	7.993580e-01
0.063100	4.672358e-02	1.529666e-01	8.003099e-01
0.063200	4.644671e-02	1.522935e-01	8.012598e-01
0.063300	4.617094e-02	1.516211e-01	8.022079e-01
0.063400	4.589627e-02	1.509496e-01	8.031541e-01
0.063500	4.562269e-02	1.502788e-01	8.040985e-01
0.063600	4.535020e-02	1.496088e-01	8.050410e-01
0.063700	4.507879e-02	1.489396e-01	8.059817e-01
0.063800	4.480846e-02	1.482711e-01	8.069204e-01
0.063900	4.453921e-02	1.476034e-01	8.078574e-01
0.064000	4.427102e-02	1.469365e-01	8.087924e-01
0.064100	4.400390e-02	1.462704e-01	8.097257e-01
0.064200	4.373785e-02	1.456051e-01	8.106570e-01
0.064300	4.347284e-02	1.449406e-01	8.115866e-01
0.064400	4.320890e-02	1.442768e-01	8.125143e-01
0.064500	4.294600e-02	1.436139e-01	8.134401e-01
0.064600	4.268414e-02	1.429517e-01	8.143641e-01
0.064700	4.242332e-02	1.422904e-01	8.152863e-01
0.064800	4.216354e-02	1.416298e-01	8.162066e-01
0.064900	4.190478e-02	1.409701e-01	8.171251e-01
0.065000	4.164705e-02	1.403111e-01	8.180418e-01
0.065100	4.139035e-02	1.396530e-01	8.189567e-01
0.065200	4.113466e-02	1.389956e-01	8.198697e-01
0.065300	4.087998e-02	1.383391e-01	8.207809e-01
0.065400	4.062632e-02	1.376834e-01	8.216903e-01
0.065500	4.037365e-02	1.370285e-01	8.225978e-01
0.065600	4.012199e-02	1.363744e-01	8.235036e-01
0.065700	3.987133e-02	1.357211e-01	8.244075e-01
0.065800	3.962165e-02	1.350687e-01	8.253097e-01
0.065900	3.937297e-02	1.344171e-01	8.262100e-01
0.066000	3.912526e-02	1.337663e-01	8.271085e-01
0.066100	3.887854e-02	1.331163e-01	8.280052e-01
0.066200	3.863279e-02	1.324671e-01	8.289001e-01
0.066300	3.838802e-02	1.318188e-01	8.297932e-01
0.066400	3.814421e-02	1.311713e-01	8.306845e-01
0.066500	3.790137e-02	1.305246e-01	8.315740e-01
0.066600	3.765948e-02	1.298788e-01	8.324618e-01
0.066700	3.741855e-02	1.292337e-01	8.333477e-01
0.066800	3.717857e-02	1.285896e-01	8.342319e-01
0.066900	3.693954e-02	1.279462e-01	8.351142e-01
0.067000	3.670145e-02	1.273037e-01	8.359948e-01
0.067100	3.646431e-02	1.266621e-01	8.368736e-01
0.067200	3.622809e-02	1.260213e-01	8.377506e-01
0.067300	3.599281e-02	1.253813e-01	8.386259e-01
0.067400	3.575846e-02	1.247422e-01	8.394994e-01
0.067500	3.552503e-02	1.241039e-01	8.403711e-01
0.067600	3.529252e-02	1.234664e-01	8.412411e-01
0.067700	3.506093e-02	1.228298e-01	8.421092e-01
0.067800	3.483025e-02	1.221941e-01	8.429757e-01
0.067900	3.460048e-02	1.215592e-01	8.438403e-01
0.068000	3.437162e-02	1.209252e-01	8.447032e-01
0.068100	3.414365e-02	1.202920e-01	8.455644e-01
0.068200	3.391659e-02	1.196596e-01	8.464238e-01
0.068300	3.369041e-02	1.190281e-01	8.472814e-01
0.068400	3.346513e-02	1.183975e-01	8.481373e-01
0.068500	3.324073e-02	1.177678e-01	8.489915e-01
0.068600	3.301722e-02	1.171389e-01	8.498439e-01
0.068700	3.279458e-02	1.165108e-01	8.506946e-01
0.068800	3.257283e-02	1.158836e-01	8.515435e-01
0.068900	3.235194e-02	1.152573e-01	8.523908e-01
0.069000	3.213192e-02	1.146319e-01	8.532362e-01
0.069100	3.191276e-02	1.140073e-01	8.540800e-01
0.069200	3.169447e-02	1.133835e-01	8.549220e-01
0.069300	3.147704e-02	1.127607e-01	8.557623e-01
0.069400	3.126045e-02	1.121387e-01	8.566009e-01
0.069500	3.104472e-02	1.115176e-01	8.574377e-01
0.069600	3.082984e-02	1.108973e-01	8.582729e-01
0.069700	3.061580e-02	1.102779e-01	8.591063e-01
0.069800	3.040260e-02	1.096594e-01	8.599380e-01
0.069900	3.019023e-02	1.090418e-01	8.607680e-01
0.070000	2.997870e-02	1.084250e-01	8.615963e-01
0.070100	2.976800e-02	1.078091e-01	8.624229e-01
0.070200	2.955812e-02	1.071941e-01	8.632478e-01
0.070300	2.934907e-02	1.065799e-01	8.640710e-01
0.070400	2.914084e-02	1.059667e-01	8.648925e-01
0.070500	2.893342e-02	1.053543e-01	8.657123e-01
0.070600	2.872682e-02	1.047428e-01	8.665304e-01
0.070700	2.852102e-02	1.041322e-01	8.673468e-01
0.070800	2.831603e-02	1.035224e-01	8.681616e-01
0.070900	2.811185e-02	1.029135e-01	8.689746e-01
0.071000	2.790846e-02	1.023056e-01	8.697860e-01
0.071100	2.770587e-02	1.016985e-01	8.705957e-01
0.071200	2.750407e-02	1.010922e-01	8.714037e-01
0.071300	2.730307e-02	1.004869e-01	8.722100e-01
0.071400	2.710285e-02	9.988244e-02	8.730147e-01
0.071500	2.690341e-02	9.927887e-02	8.738177e-01
0.071600	2.670475e-02	9.867618e-02	8.746191e-01
0.071700	2.650687e-02	9.807439e-02	8.754187e-01
0.071800	2.630976e-02	9.747348e-02	8.762168e-01
0.071900	2.611342e-02	9.687345e-02	8.770131e-01
0.072000	2.591786e-02	9.627432e-02	8.778078e-01
0.072100	2.572305e-02	9.567607e-02	8.786009e-01
0.072200	2.552901e-02	9.507871e-02	8.793923e-01
0.072300	2.533572e-02	9.448224e-02	8.801820e-01
0.072400	2.514319e-02	9.388666e-02	8.809701e-01
0.072500	2.495141e-02	9.329198e-02	8.817566e-01
0.072600	2.476038e-02	9.269818e-02	8.825414e-01
0.072700	2.457009e-02	9.210527e-02	8.833246e-01
0.072800	2.438055e-02	9.151326e-02	8.841062e-01
0.072900	2.419175e-02	9.092214e-02	8.848861e-01
0.073000	2.400368e-02	9.033191e-02	8.856644e-01
0.073100	2.381635e-02	8.974257e-02	8.864411e-01
0.073200	2.362975e-02	8.915413e-02	8.872161e-01
0.073300	2.344387e-02	8.856658e-02	8.879895e-01
0.073400	2.325872e-02	8.797993e-02	8.887613e-01
0.073500	2.307430e-02	8.739417e-02	8.895315e-01
0.073600	2.289059e-02	8.680930e-02	8.903001e-01
0.073700	2.270759e-02	8.622533e-02	8.910671e-01
0.073800	2.252531e-02	8.564226e-02	8.918324e-01
0.073900	2.234374e-02	8.506008e-02	8.925962e-01
0.074000	2.216288e-02	8.447880e-02	8.933583e-01
0.074100	2.198272e-02	8.389842e-02	8.941189e-01
0.074200	2.180327e-02	8.331893e-02	8.948778e-01
0.074300	2.162451e-02	8.274034e-02	8.956352e-01
0.074400	2.144645e-02	8.216265e-02	8.963909e-01
0.074500	2.126908e-02	8.158585e-02	8.971451e-01
0.074600	2.109240e-02	8.100995e-02	8.978977e-01
0.074700	2.091640e-02	8.043495e-02	8.986486e-01
0.074800	2.074110e-02	7.986085e-02	8.993981e-01
0.074900	2.056647e-02	7.928765e-02	9.001459e-01
0.075000	2.039253e-02	7.871534e-02	9.008921e-01
0.075100	2.021926e-02	7.814393e-02	9.016368e-01
0.075200	2.004666e-02	7.757342e-02	9.023799e-01
0.075300	1.987473e-02	7.700381e-02	9.031215e-01
0.075400	1.970348e-02	7.643510e-02	9.038614e-01
0.075500	1.953288e-02	7.586729e-02	9.045998e-01
0.075600	1.936295e-02	7.530038e-02	9.053367e-01
0.075700	1.919369e-02	7.473436e-02	9.060719e-01
0.075800	1.902507e-02	7.416925e-02	9.068057e-01
0.075900	1.885712e-02	7.360504e-02	9.075378e-01
0.076000	1.868981e-02	7.304172e-02	9.082685e-01
0.076100	1.852316e-02	7.247930e-02	9.089975e-01
0.076200	1.835715e-02	7.191779e-02	9.097251e-01
0.076300	1.819178e-02	7.135717e-02	9.104510e-01
0.076400	1.802706e-02	7.079745e-02	9.111755e-01
0.076500	1.786298e-02	7.023863e-02	9.118984e-01
0.076600	1.769953e-02	6.968071e-02	9.126198e-01
0.076700	1.753672e-02	6.912369e-02	9.133396e-01
0.076800	1.737454e-02	6.856757e-02	9.140579e-01
0.076900	1.721299e-02	6.801235e-02	9.147747e-01
0.077000	1.705206e-02	6.745803e-02	9.154899e-01
0.077100	1.689176e-02	6.690460e-02	9.162036e-01
0.077200	1.673208e-02	6.635208e-02	9.169158e-01
0.077300	1.657302e-02	6.580045e-02	9.176265e-01
0.077400	1.641457e-02	6.524973e-02	9.183357e-01
0.077500	1.625674e-02	6.469990e-02	9.190434e-01
0.077600	1.609952e-02	6.415097e-02	9.197495e-01
0.077700	1.594291e-02	6.360294e-02	9.204542e-01
0.077800	1.578690e-02	6.305581e-02	9.211573e-01
0.077900	1.563150e-02	6.250957e-02	9.218589e-01
0.078000	1.547670e-02	6.196423e-02	9.225591e-01
0.078100	1.532250e-02	6.141979e-02	9.232577e-01
0.078200	1.516890e-02	6.087625e-02	9.239548e-01
0.078300	1.501589e-02	6.033361e-02	9.246505e-01
0.078400	1.486348e-02	5.979186e-02	9.253447e-01
0.078500	1.471165e-02	5.925101e-02	9.260373e-01
0.078600	1.456041e-02	5.871106e-02	9.267285e-01
0.078700	1.440976e-02	5.817200e-02	9.274182e-01
0.078800	1.425969e-02	5.763384e-02	9.281065e-01
0.078900	1.411020e-02	5.709657e-02	9.287932e-01
0.079000	1.396128e-02	5.656021e-02	9.294785e-01
0.079100	1.381295e-02	5.602473e-02	9.301623e-01
0.079200	1.366518e-02	5.549015e-02	9.308447e-01
0.079300	1.351799e-02	5.495647e-02	9.315255e-01
0.079400	1.337137e-02	5.442368e-02	9.322050e-01
0.079500	1.322531e-02	5.389179e-02	9.328829e-01
0.079600	1.307982e-02	5.336078e-02	9.335594e-01
0.079700	1.293489e-02	5.283068e-02	9.342344e-01
0.079800	1.279052e-02	5.230146e-02	9.349080e-01
0.079900	1.264671e-02	5.177314e-02	9.355801e-01
0.080000	1.250345e-02	5.124571e-02	9.362508e-01
0.080100	1.236075e-02	5.071918e-02	9.369201e-01
0.080200	1.221859e-02	5.019353e-02	9.375879e-01
0.080300	1.207699e-02	4.966878e-02	9.382542e-01
0.080400	1.193593e-02	4.914492e-02	9.389191e-01
0.080500	1.179542e-02	4.862195e-02	9.395826e-01
0.080600	1.165545e-02	4.809987e-02	9.402447e-01
0.080700	1.151602e-02	4.757868e-02	9.409053e-01
0.080800	1.137713e-02	4.705838e-02	9.415645e-01
0.080900	1.123877e-02	4.653897e-02	9.422223e-01
0.081000	1.110095e-02	4.602045e-02	9.428786e-01
0.081100	1.096366e-02	4.550281e-02	9.435335e-01
0.081200	1.082690e-02	4.498606e-02	9.441870e-01
0.081300	1.069066e-02	4.447021e-02	9.448391e-01
0.081400	1.055496e-02	4.395523e-02	9.454898e-01
0.081500	1.041977e-02	4.344115e-02	9.461391e-01
0.081600	1.028511e-02	4.292795e-02	9.467869e-01
0.081700	1.015096e-02	4.241563e-02	9.474334e-01
0.081800	1.001734e-02	4.190420e-02	9.480785e-01
0.081900	9.884223e-03	4.139366e-02	9.487221e-01
0.082000	9.751624e-03	4.088400e-02	9.493644e-01
0.082100	9.619535e-03	4.037522e-02	9.500052e-01
0.082200	9.487956e-03	3.986733e-02	9.506447e-01
0.082300	9.356884e-03	3.936032e-02	9.512828e-01
0.082400	9.226316e-03	3.885419e-02	9.519195e-01
0.082500	9.096252e-03	3.834894e-02	9.525548e-01
0.082600	8.966688e-03	3.784457e-02	9.531887e-01
0.082700	8.837624e-03	3.734109e-02	9.538213e-01
0.082800	8.709056e-03	3.683848e-02	9.544525e-01
0.082900	8.580984e-03	3.633675e-02	9.550823e-01
0.083000	8.453405e-03	3.583590e-02	9.557107e-01
0.083100	8.326317e-03	3.533593e-02	9.563377e-01
0.083200	8.199718e-03	3.483684e-02	9.569634e-01
