0.000000	1.000000e+00	0.000000e+00	0.000000e+00
0.000100	9.950140e-01	4.975900e-03	1.005837e-05
0.000200	9.900560e-01	9.903862e-03	4.009726e-05
0.000300	9.851258e-01	1.478428e-02	8.991375e-05
0.000400	9.802232e-01	1.961754e-02	1.593069e-04
0.000500	9.753479e-01	2.440403e-02	2.480775e-04
0.000600	9.704998e-01	2.914414e-02	3.560285e-04
0.000700	9.656788e-01	3.383824e-02	4.829643e-04
0.000800	9.608846e-01	3.848670e-02	6.286916e-04
0.000900	9.561171e-01	4.308990e-02	7.930186e-04
0.001000	9.513760e-01	4.764822e-02	9.757554e-04
0.001100	9.466613e-01	5.216200e-02	1.176714e-03
0.001200	9.419727e-01	5.663162e-02	1.395707e-03
0.001300	9.373100e-01	6.105744e-02	1.632552e-03
0.001400	9.326731e-01	6.543981e-02	1.887063e-03
0.001500	9.280619e-01	6.977909e-02	2.159062e-03
0.001600	9.234760e-01	7.407562e-02	2.448367e-03
0.001700	9.189155e-01	7.832975e-02	2.754801e-03
0.001800	9.143800e-01	8.254182e-02	3.078188e-03
0.001900	9.098695e-01	8.671219e-02	3.418354e-03
0.002000	9.053837e-01	9.084117e-02	3.775125e-03
0.002100	9.009226e-01	9.492912e-02	4.148330e-03
0.002200	8.964858e-01	9.897636e-02	4.537798e-03
0.002300	8.920734e-01	1.029832e-01	4.943363e-03
0.002400	8.876851e-01	1.069500e-01	5.364858e-03
0.002500	8.833208e-01	1.108771e-01	5.802116e-03
0.002600	8.789803e-01	1.147647e-01	6.254976e-03
0.002700	8.746634e-01	1.186133e-01	6.723274e-03
0.002800	8.703700e-01	1.224231e-01	7.206850e-03
0.002900	8.661000e-01	1.261944e-01	7.705544e-03
0.003000	8.618532e-01	1.299276e-01	8.219200e-03
0.003100	8.576294e-01	1.336229e-01	8.747661e-03
0.003200	8.534285e-01	1.372807e-01	9.290773e-03
0.003300	8.492504e-01	1.409013e-01	9.848381e-03
0.003400	8.450948e-01	1.444849e-01	1.042033e-02
0.003500	8.409617e-01	1.480318e-01	1.100648e-02
0.003600	8.368509e-01	1.515424e-01	1.160667e-02
0.003700	8.327623e-01	1.550170e-01	1.222076e-02
0.003800	8.286957e-01	1.584557e-01	1.284861e-02
0.003900	8.246509e-01	1.618590e-01	1.349005e-02
0.004000	8.206279e-01	1.652271e-01	1.414496e-02
0.004100	8.166265e-01	1.685603e-01	1.481319e-02
0.004200	8.126466e-01	1.718588e-01	1.549459e-02
0.004300	8.086880e-01	1.751230e-01	1.618904e-02
0.004400	8.047506e-01	1.783530e-01	1.689638e-02
0.004500	8.008342e-01	1.815493e-01	1.761649e-02
0.004600	7.969387e-01	1.847120e-01	1.834922e-02
0.004700	7.930641e-01	1.878415e-01	1.909444e-02
0.004800	7.892101e-01	1.909379e-01	1.985202e-02
0.004900	7.853766e-01	1.940016e-01	2.062183e-02
0.005000	7.815635e-01	1.970328e-01	2.140373e-02
0.005100	7.777706e-01	2.000318e-01	2.219759e-02
0.005200	7.739979e-01	2.029988e-01	2.300328e-02
0.005300	7.702452e-01	2.059341e-01	2.382069e-02
0.005400	7.665124e-01	2.088379e-01	2.464967e-02
0.005500	7.627994e-01	2.117105e-01	2.549010e-02
0.005600	7.591060e-01	2.145522e-01	2.634187e-02
0.005700	7.554321e-01	2.173631e-01	2.720484e-02
0.005800	7.517776e-01	2.201435e-01	2.807890e-02
0.005900	7.481423e-01	2.228938e-01	2.896392e-02
0.006000	7.445262e-01	2.256140e-01	2.985979e-02
0.006100	7.409291e-01	2.283045e-01	3.076638e-02
0.006200	7.373510e-01	2.309654e-01	3.168357e-02
0.006300	7.337916e-01	2.335971e-01	3.261126e-02
0.006400	7.302509e-01	2.361998e-01	3.354932e-02
0.006500	7.267288e-01	2.387736e-01	3.449764e-02
0.006600	7.232251e-01	2.413188e-01	3.545610e-02
0.006700	7.197398e-01	2.438356e-01	3.642460e-02
0.006800	7.162726e-01	2.463244e-01	3.740302e-02
0.006900	7.128236e-01	2.487852e-01	3.839125e-02
0.007000	7.093925e-01	2.512183e-01	3.938918e-02
0.007100	7.059794e-01	2.536239e-01	4.039671e-02
0.007200	7.025840e-01	2.560023e-01	4.141371e-02
0.007300	6.992063e-01	2.583536e-01	4.244010e-02
0.007400	6.958461e-01	2.606781e-01	4.347576e-02
0.007500	6.925034e-01	2.629760e-01	4.452058e-02
0.007600	6.891781e-01	2.652475e-01	4.557447e-02
0.007700	6.858699e-01	2.674927e-01	4.663732e-02
0.007800	6.825789e-01	2.697120e-01	4.770902e-02
0.007900	6.793050e-01	2.719056e-01	4.878948e-02
0.008000	6.760479e-01	2.740735e-01	4.987860e-02
0.008100	6.728077e-01	2.762160e-01	5.097628e-02
0.008200	6.695842e-01	2.783334e-01	5.208241e-02
0.008300	6.663773e-01	2.804258e-01	5.319690e-02
0.008400	6.631869e-01	2.824934e-01	5.431966e-02
0.008500	6.600130e-01	2.845364e-01	5.545058e-02
0.008600	6.568553e-01	2.865551e-01	5.658958e-02
0.008700	6.537139e-01	2.885495e-01	5.773655e-02
0.008800	6.505886e-01	2.905200e-01	5.889141e-02
0.008900	6.474794e-01	2.924666e-01	6.005406e-02
0.009000	6.443860e-01	2.943896e-01	6.122441e-02
0.009100	6.413085e-01	2.962891e-01	6.240237e-02
0.009200	6.382468e-01	2.981654e-01	6.358785e-02
0.009300	6.352007e-01	3.000186e-01	6.478076e-02
0.009400	6.321701e-01	3.018489e-01	6.598101e-02
0.009500	6.291550e-01	3.036565e-01	6.718851e-02
0.009600	6.261552e-01	3.054416e-01	6.840317e-02
0.009700	6.231708e-01	3.072043e-01	6.962492e-02
0.009800	6.202015e-01	3.089448e-01	7.085366e-02
0.009900	6.172473e-01	3.106634e-01	7.208931e-02
0.010000	6.143081e-01	3.123601e-01	7.333178e-02
0.010100	6.113839e-01	3.140351e-01	7.458100e-02
0.010200	6.084745e-01	3.156887e-01	7.583687e-02
0.010300	6.055798e-01	3.173209e-01	7.709932e-02
0.010400	6.026997e-01	3.189320e-01	7.836827e-02
0.010500	5.998343e-01	3.205221e-01	7.964363e-02
0.010600	5.969833e-01	3.220914e-01	8.092533e-02
0.010700	5.941467e-01	3.236400e-01	8.221328e-02
0.010800	5.913244e-01	3.251682e-01	8.350741e-02
0.010900	5.885163e-01	3.266760e-01	8.480764e-02
0.011000	5.857224e-01	3.281637e-01	8.611390e-02
0.011100	5.829426e-01	3.296313e-01	8.742610e-02
0.011200	5.801767e-01	3.310791e-01	8.874417e-02
0.011300	5.774248e-01	3.325072e-01	9.006804e-02
0.011400	5.746866e-01	3.339158e-01	9.139763e-02
0.011500	5.719622e-01	3.353049e-01	9.273287e-02
0.011600	5.692514e-01	3.366749e-01	9.407368e-02
0.011700	5.665543e-01	3.380257e-01	9.542000e-02
0.011800	5.638706e-01	3.393577e-01	9.677175e-02
0.011900	5.612003e-01	3.406708e-01	9.812885e-02
0.012000	5.585434e-01	3.419653e-01	9.949125e-02
0.012100	5.558998e-01	3.432414e-01	1.008589e-01
0.012200	5.532693e-01	3.444991e-01	1.022316e-01
0.012300	5.506519e-01	3.457386e-01	1.036095e-01
0.012400	5.480476e-01	3.469600e-01	1.049923e-01
0.012500	5.454563e-01	3.481636e-01	1.063801e-01
0.012600	5.428778e-01	3.493494e-01	1.077728e-01
0.012700	5.403122e-01	3.505175e-01	1.091703e-01
0.012800	5.377593e-01	3.516682e-01	1.105725e-01
0.012900	5.352190e-01	3.528015e-01	1.119795e-01
0.013000	5.326914e-01	3.539176e-01	1.133910e-01
0.013100	5.301763e-01	3.550167e-01	1.148071e-01
0.013200	5.276736e-01	3.560987e-01	1.162277e-01
0.013300	5.251833e-01	3.571640e-01	1.176527e-01
0.013400	5.227053e-01	3.582127e-01	1.190820e-01
0.013500	5.202396e-01	3.592447e-01	1.205157e-01
0.013600	5.177860e-01	3.602604e-01	1.219536e-01
0.013700	5.153445e-01	3.612598e-01	1.233957e-01
0.013800	5.129151e-01	3.622430e-01	1.248419e-01
0.013900	5.104976e-01	3.632102e-01	1.262921e-01
0.014000	5.080921e-01	3.641615e-01	1.277464e-01
0.014100	5.056983e-01	3.650971e-01	1.292046e-01
0.014200	5.033163e-01	3.660170e-01	1.306667e-01
0.014300	5.009460e-01	3.669214e-01	1.321326e-01
0.014400	4.985874e-01	3.678104e-01	1.336023e-01
0.014500	4.962403e-01	3.686841e-01	1.350756e-01
0.014600	4.939047e-01	3.695426e-01	1.365527e-01
0.014700	4.915805e-01	3.703861e-01	1.380333e-01
0.014800	4.892677e-01	3.712148e-01	1.395175e-01
0.014900	4.869663e-01	3.720286e-01	1.410052e-01
0.015000	4.846760e-01	3.728277e-01	1.424963e-01
0.015100	4.823970e-01	3.736123e-01	1.439908e-01
0.015200	4.801290e-01	3.743824e-01	1.454886e-01
0.015300	4.778721e-01	3.751382e-01	1.469897e-01
0.015400	4.756262e-01	3.758798e-01	1.484940e-01
0.015500	4.733913e-01	3.766073e-01	1.500014e-01
0.015600	4.711672e-01	3.773208e-01	1.515120e-01
0.015700	4.689539e-01	3.780204e-01	1.530257e-01
0.015800	4.667514e-01	3.787062e-01	1.545424e-01
0.015900	4.645596e-01	3.793784e-01	1.560620e-01
0.016000	4.623784e-01	3.800370e-01	1.575846e-01
0.016100	4.602078e-01	3.806822e-01	1.591100e-01
0.016200	4.580477e-01	3.813141e-01	1.606382e-01
0.016300	4.558980e-01	3.819327e-01	1.621693e-01
0.016400	4.537588e-01	3.825382e-01	1.637030e-01
0.016500	4.516299e-01	3.831307e-01	1.652394e-01
0.016600	4.495112e-01	3.837103e-01	1.667784e-01
0.016700	4.474029e-01	3.842771e-01	1.683200e-01
0.016800	4.453046e-01	3.848312e-01	1.698642e-01
0.016900	4.432165e-01	3.853726e-01	1.714108e-01
0.017000	4.411385e-01	3.859016e-01	1.729599e-01
0.017100	4.390705e-01	3.864182e-01	1.745114e-01
0.017200	4.370124e-01	3.869224e-01	1.760652e-01
0.017300	4.349642e-01	3.874145e-01	1.776213e-01
0.017400	4.329259e-01	3.878944e-01	1.791797e-01
0.017500	4.308973e-01	3.883624e-01	1.807403e-01
0.017600	4.288785e-01	3.888184e-01	1.823031e-01
0.017700	4.268693e-01	3.892626e-01	1.838680e-01
0.017800	4.248698e-01	3.896951e-01	1.854350e-01
0.017900	4.228799e-01	3.901160e-01	1.870041e-01
0.018000	4.208995e-01	3.905253e-01	1.885752e-01
0.018100	4.189286e-01	3.909232e-01	1.901482e-01
0.018200	4.169671e-01	3.913098e-01	1.917231e-01
0.018300	4.150150e-01	3.916851e-01	1.933000e-01
0.018400	4.130721e-01	3.920492e-01	1.948787e-01
0.018500	4.111386e-01	3.924023e-01	1.964591e-01
0.018600	4.092143e-01	3.927444e-01	1.980414e-01
0.018700	4.072991e-01	3.930755e-01	1.996253e-01
0.018800	4.053931e-01	3.933959e-01	2.012110e-01
0.018900	4.034961e-01	3.937056e-01	2.027983e-01
0.019000	4.016082e-01	3.940046e-01	2.043872e-01
0.019100	3.997292e-01	3.942931e-01	2.059777e-01
0.019200	3.978592e-01	3.945711e-01	2.075697e-01
0.019300	3.959981e-01	3.948388e-01	2.091632e-01
0.019400	3.941457e-01	3.950961e-01	2.107581e-01
0.019500	3.923022e-01	3.953433e-01	2.123545e-01
0.019600	3.904674e-01	3.955803e-01	2.139523e-01
0.019700	3.886413e-01	3.958073e-01	2.155514e-01
0.019800	3.868238e-01	3.960244e-01	2.171518e-01
0.019900	3.850149e-01	3.962315e-01	2.187535e-01
0.020000	3.832146e-01	3.964289e-01	2.203565e-01
0.020100	3.814228e-01	3.966166e-01	2.219606e-01
0.020200	3.796395e-01	3.967946e-01	2.235659e-01
0.020300	3.778645e-01	3.969631e-01	2.251724e-01
0.020400	3.760980e-01	3.971221e-01	2.267800e-01
0.020500	3.743397e-01	3.972717e-01	2.283886e-01
0.020600	3.725898e-01	3.974119e-01	2.299983e-01
0.020700	3.708481e-01	3.975430e-01	2.316090e-01
0.020800	3.691145e-01	3.976648e-01	2.332206e-01
0.020900	3.673892e-01	3.977776e-01	2.348332e-01
0.021000	3.656719e-01	3.978814e-01	2.364467e-01
0.021100	3.639627e-01	3.979762e-01	2.380611e-01
0.021200	3.622615e-01	3.980621e-01	2.396763e-01
0.021300	3.605684e-01	3.981392e-01	2.412924e-01
0.021400	3.588831e-01	3.982077e-01	2.429092e-01
0.021500	3.572058e-01	3.982674e-01	2.445268e-01
0.021600	3.555363e-01	3.983186e-01	2.461451e-01
0.021700	3.538746e-01	3.983613e-01	2.477641e-01
0.021800	3.522207e-01	3.983956e-01	2.493837e-01
0.021900	3.505745e-01	3.984215e-01	2.510040e-01
0.022000	3.489360e-01	3.984391e-01	2.526249e-01
0.022100	3.473052e-01	3.984484e-01	2.542463e-01
0.022200	3.456820e-01	3.984497e-01	2.558683e-01
0.022300	3.440664e-01	3.984428e-01	2.574909e-01
0.022400	3.424583e-01	3.984279e-01	2.591139e-01
0.022500	3.408576e-01	3.984050e-01	2.607373e-01
0.022600	3.392645e-01	3.983743e-01	2.623612e-01
0.022700	3.376787e-01	3.983357e-01	2.639855e-01
0.022800	3.361004e-01	3.982894e-01	2.656102e-01
0.022900	3.345294e-01	3.982354e-01	2.672352e-01
0.023000	3.329656e-01	3.981738e-01	2.688606e-01
0.023100	3.314092e-01	3.981046e-01	2.704862e-01
0.023200	3.298599e-01	3.980279e-01	2.721121e-01
0.023300	3.283179e-01	3.979438e-01	2.737383e-01
0.023400	3.267830e-01	3.978523e-01	2.753647e-01
0.023500	3.252552e-01	3.977536e-01	2.769912e-01
0.023600	3.237345e-01	3.976475e-01	2.786179e-01
0.023700	3.222209e-01	3.975343e-01	2.802448e-01
0.023800	3.207142e-01	3.974140e-01	2.818718e-01
0.023900	3.192145e-01	3.972866e-01	2.834989e-01
0.024000	3.177218e-01	3.971522e-01	2.851260e-01
0.024100	3.162359e-01	3.970109e-01	2.867532e-01
0.024200	3.147569e-01	3.968627e-01	2.883804e-01
0.024300	3.132847e-01	3.967076e-01	2.900076e-01
0.024400	3.118194e-01	3.965458e-01	2.916348e-01
0.024500	3.103607e-01	3.963773e-01	2.932619e-01
0.024600	3.089088e-01	3.962022e-01	2.948890e-01
0.024700	3.074636e-01	3.960204e-01	2.965159e-01
0.024800	3.060251e-01	3.958322e-01	2.981428e-01
0.024900	3.045931e-01	3.956374e-01	2.997694e-01
0.025000	3.031678e-01	3.954363e-01	3.013959e-01
0.025100	3.017490e-01	3.952287e-01	3.030223e-01
0.025200	3.003367e-01	3.950149e-01	3.046484e-01
0.025300	2.989309e-01	3.947948e-01	3.062743e-01
0.025400	2.975316e-01	3.945685e-01	3.078999e-01
0.025500	2.961387e-01	3.943361e-01	3.095253e-01
0.025600	2.947521e-01	3.940976e-01	3.111503e-01
0.025700	2.933720e-01	3.938530e-01	3.127750e-01
0.025800	2.919981e-01	3.936025e-01	3.143994e-01
0.025900	2.906305e-01	3.933460e-01	3.160235e-01
0.026000	2.892692e-01	3.930836e-01	3.176472e-01
0.026100	2.879141e-01	3.928154e-01	3.192704e-01
0.026200	2.865653e-01	3.925415e-01	3.208933e-01
0.026300	2.852225e-01	3.922618e-01	3.225157e-01
0.026400	2.838860e-01	3.919764e-01	3.241376e-01
0.026500	2.825555e-01	3.916854e-01	3.257591e-01
0.026600	2.812311e-01	3.913889e-01	3.273800e-01
0.026700	2.799127e-01	3.910868e-01	3.290005e-01
0.026800	2.786003e-01	3.907793e-01	3.306204e-01
0.026900	2.772940e-01	3.904663e-01	3.322398e-01
0.027000	2.759935e-01	3.901479e-01	3.338585e-01
0.027100	2.746990e-01	3.898242e-01	3.354767e-01
0.027200	2.734104e-01	3.894953e-01	3.370943e-01
0.027300	2.721276e-01	3.891611e-01	3.387113e-01
0.027400	2.708507e-01	3.888217e-01	3.403276e-01
0.027500	2.695796e-01	3.884772e-01	3.419432e-01
0.027600	2.683143e-01	3.881275e-01	3.435582e-01
0.027700	2.670547e-01	3.877729e-01	3.451725e-01
0.027800	2.658008e-01	3.874132e-01	3.467860e-01
0.027900	2.645526e-01	3.870486e-01	3.483988e-01
0.028000	2.633100e-01	3.866791e-01	3.500109e-01
0.028100	2.620731e-01	3.863047e-01	3.516222e-01
0.028200	2.608418e-01	3.859255e-01	3.532327e-01
0.028300	2.596161e-01	3.855415e-01	3.548424e-01
0.028400	2.583959e-01	3.851528e-01	3.564513e-01
0.028500	2.571812e-01	3.847593e-01	3.580594e-01
0.028600	2.559721e-01	3.843613e-01	3.596666e-01
0.028700	2.547684e-01	3.839586e-01	3.612730e-01
0.028800	2.535701e-01	3.835514e-01	3.628785e-01
0.028900	2.523773e-01	3.831397e-01	3.644830e-01
0.029000	2.511898e-01	3.827235e-01	3.660867e-01
0.029100	2.500077e-01	3.823029e-01	3.676895e-01
0.029200	2.488309e-01	3.818778e-01	3.692913e-01
0.029300	2.476594e-01	3.814485e-01	3.708921e-01
0.029400	2.464932e-01	3.810148e-01	3.724920e-01
0.029500	2.453323e-01	3.805768e-01	3.740909e-01
0.029600	2.441766e-01	3.801346e-01	3.756888e-01
0.029700	2.430261e-01	3.796883e-01	3.772857e-01
0.029800	2.418807e-01	3.792378e-01	3.788815e-01
0.029900	2.407405e-01	3.787831e-01	3.804763e-01
0.030000	2.396055e-01	3.783244e-01	3.820701e-01
0.030100	2.384755e-01	3.778617e-01	3.836628e-01
0.030200	2.373506e-01	3.773950e-01	3.852544e-01
0.030300	2.362308e-01	3.769243e-01	3.868449e-01
0.030400	2.351160e-01	3.764497e-01	3.884343e-01
0.030500	2.340062e-01	3.759713e-01	3.900225e-01
0.030600	2.329013e-01	3.754890e-01	3.916097e-01
0.030700	2.318015e-01	3.750029e-01	3.931957e-01
0.030800	2.307065e-01	3.745130e-01	3.947805e-01
0.030900	2.296164e-01	3.740194e-01	3.963641e-01
0.031000	2.285313e-01	3.735221e-01	3.979466e-01
0.031100	2.274510e-01	3.730212e-01	3.995279e-01
0.031200	2.263755e-01	3.725166e-01	4.011079e-01
0.031300	2.253048e-01	3.720085e-01	4.026867e-01
0.031400	2.242389e-01	3.714968e-01	4.042643e-01
0.031500	2.231778e-01	3.709815e-01	4.058407e-01
0.031600	2.221214e-01	3.704629e-01	4.074157e-01
0.031700	2.210697e-01	3.699407e-01	4.089895e-01
0.031800	2.200228e-01	3.694152e-01	4.105621e-01
0.031900	2.189804e-01	3.688863e-01	4.121333e-01
0.032000	2.179428e-01	3.683540e-01	4.137032e-01
0.032100	2.169097e-01	3.678184e-01	4.152718e-01
0.032200	2.158813e-01	3.672796e-01	4.168391e-01
0.032300	2.148575e-01	3.667375e-01	4.184050e-01
0.032400	2.138382e-01	3.661922e-01	4.199696e-01
0.032500	2.128234e-01	3.656438e-01	4.215328e-01
0.032600	2.118132e-01	3.650921e-01	4.230947e-01
0.032700	2.108074e-01	3.645374e-01	4.246551e-01
0.032800	2.098061e-01	3.639796e-01	4.262142e-01
0.032900	2.088093e-01	3.634188e-01	4.277719e-01
0.033000	2.078169e-01	3.628549e-01	4.293281e-01
0.033100	2.068289e-01	3.622881e-01	4.308830e-01
0.033200	2.058453e-01	3.617183e-01	4.324364e-01
0.033300	2.048661e-01	3.611456e-01	4.339883e-01
0.033400	2.038912e-01	3.605700e-01	4.355388e-01
0.033500	2.029206e-01	3.599915e-01	4.370879e-01
0.033600	2.019543e-01	3.594102e-01	4.386354e-01
0.033700	2.009923e-01	3.588262e-01	4.401815e-01
0.033800	2.000346e-01	3.582393e-01	4.417261e-01
0.033900	1.990811e-01	3.576497e-01	4.432692e-01
0.034000	1.981318e-01	3.570574e-01	4.448108e-01
0.034100	1.971868e-01	3.564624e-01	4.463508e-01
0.034200	1.962459e-01	3.558648e-01	4.478894e-01
0.034300	1.953092e-01	3.552645e-01	4.494263e-01
0.034400	1.943766e-01	3.546616e-01	4.509618e-01
0.034500	1.934481e-01	3.540562e-01	4.524957e-01
0.034600	1.925237e-01	3.534482e-01	4.540280e-01
0.034700	1.916035e-01	3.528378e-01	4.555588e-01
0.034800	1.906872e-01	3.522248e-01	4.570880e-01
0.034900	1.897750e-01	3.516094e-01	4.586155e-01
0.035000	1.888669e-01	3.509916e-01	4.601415e-01
0.035100	1.879627e-01	3.503713e-01	4.616659e-01
0.035200	1.870626e-01	3.497487e-01	4.631887e-01
0.035300	1.861664e-01	3.491238e-01	4.647099e-01
0.035400	1.852741e-01	3.484965e-01	4.662294e-01
0.035500	1.843858e-01	3.478669e-01	4.677473e-01
0.035600	1.835014e-01	3.472351e-01	4.692635e-01
0.035700	1.826209e-01	3.466010e-01	4.707781e-01
0.035800	1.817442e-01	3.459647e-01	4.722911e-01
0.035900	1.808714e-01	3.453262e-01	4.738023e-01
0.036000	1.800025e-01	3.446856e-01	4.753119e-01
0.036100	1.791373e-01	3.440428e-01	4.768198e-01
0.036200	1.782760e-01	3.433979e-01	4.783261e-01
0.036300	1.774185e-01	3.427509e-01	4.798306e-01
0.036400	1.765647e-01	3.421019e-01	4.813334e-01
0.036500	1.757146e-01	3.414508e-01	4.828346e-01
0.036600	1.748683e-01	3.407977e-01	4.843340e-01
0.036700	1.740257e-01	3.401426e-01	4.858317e-01
0.036800	1.731868e-01	3.394856e-01	4.873276e-01
0.036900	1.723516e-01	3.388266e-01	4.888218e-01
0.037000	1.715200e-01	3.381656e-01	4.903143e-01
0.037100	1.706921e-01	3.375028e-01	4.918050e-01
0.037200	1.698678e-01	3.368381e-01	4.932940e-01
0.037300	1.690472e-01	3.361716e-01	4.947812e-01
0.037400	1.682301e-01	3.355032e-01	4.962667e-01
0.037500	1.674165e-01	3.348331e-01	4.977504e-01
0.037600	1.666066e-01	3.341611e-01	4.992323e-01
0.037700	1.658002e-01	3.334875e-01	5.007124e-01
0.037800	1.649973e-01	3.328120e-01	5.021907e-01
0.037900	1.641979e-01	3.321349e-01	5.036672e-01
0.038000	1.634020e-01	3.314560e-01	5.051419e-01
0.038100	1.626096e-01	3.307755e-01	5.066149e-01
0.038200	1.618206e-01	3.300934e-01	5.080860e-01
0.038300	1.610351e-01	3.294096e-01	5.095552e-01
0.038400	1.602531e-01	3.287242e-01	5.110227e-01
0.038500	1.594744e-01	3.280373e-01	5.124883e-01
0.038600	1.586991e-01	3.273487e-01	5.139521e-01
0.038700	1.579272e-01	3.266587e-01	5.154141e-01
0.038800	1.571587e-01	3.259671e-01	5.168742e-01
0.038900	1.563935e-01	3.252740e-01	5.183324e-01
0.039000	1.556317e-01	3.245795e-01	5.197888e-01
0.039100	1.548732e-01	3.238834e-01	5.212434e-01
0.039200	1.541179e-01	3.231860e-01	5.226961e-01
0.039300	1.533660e-01	3.224871e-01	5.241469e-01
0.039400	1.526173e-01	3.217868e-01	5.255958e-01
0.039500	1.518719e-01	3.210852e-01	5.270429e-01
0.039600	1.511298e-01	3.203822e-01	5.284880e-01
0.039700	1.503908e-01	3.196778e-01	5.299313e-01
0.039800	1.496551e-01	3.189722e-01	5.313727e-01
0.039900	1.489226e-01	3.182652e-01	5.328122e-01
0.040000	1.481933e-01	3.175570e-01	5.342498e-01
0.040100	1.474671e-01	3.168475e-01	5.356855e-01
0.040200	1.467441e-01	3.161367e-01	5.371192e-01
0.040300	1.460242e-01	3.154247e-01	5.385511e-01
0.040400	1.453074e-01	3.147116e-01	5.399810e-01
0.040500	1.445938e-01	3.139972e-01	5.414090e-01
0.040600	1.438832e-01	3.132816e-01	5.428351e-01
0.040700	1.431757e-01	3.125650e-01	5.442593e-01
0.040800	1.424713e-01	3.118471e-01	5.456815e-01
0.040900	1.417700e-01	3.111282e-01	5.471018e-01
0.041000	1.410717e-01	3.104082e-01	5.485202e-01
0.041100	1.403764e-01	3.096870e-01	5.499366e-01
0.041200	1.396841e-01	3.089649e-01	5.513510e-01
0.041300	1.389948e-01	3.082416e-01	5.527635e-01
0.041400	1.383085e-01	3.075174e-01	5.541741e-01
0.041500	1.376252e-01	3.067921e-01	5.555827e-01
0.041600	1.369449e-01	3.060659e-01	5.569893e-01
0.041700	1.362674e-01	3.053386e-01	5.583939e-01
0.041800	1.355929e-01	3.046104e-01	5.597966e-01
0.041900	1.349214e-01	3.038813e-01	5.611973e-01
0.042000	1.342527e-01	3.031512e-01	5.625961e-01
0.042100	1.335869e-01	3.024203e-01	5.639928e-01
0.042200	1.329240e-01	3.016884e-01	5.653876e-01
0.042300	1.322640e-01	3.009556e-01	5.667804e-01
0.042400	1.316068e-01	3.002220e-01	5.681712e-01
0.042500	1.309524e-01	2.994876e-01	5.695600e-01
0.042600	1.303009e-01	2.987523e-01	5.709469e-01
0.042700	1.296522e-01	2.980162e-01	5.723317e-01
0.042800	1.290062e-01	2.972793e-01	5.737145e-01
0.042900	1.283631e-01	2.965416e-01	5.750953e-01
0.043000	1.277227e-01	2.958031e-01	5.764742e-01
0.043100	1.270851e-01	2.950639e-01	5.778510e-01
0.043200	1.264503e-01	2.943239e-01	5.792258e-01
0.043300	1.258182e-01	2.935833e-01	5.805986e-01
0.043400	1.251888e-01	2.928419e-01	5.819693e-01
0.043500	1.245621e-01	2.920998e-01	5.833381e-01
0.043600	1.239381e-01	2.913570e-01	5.847048e-01
0.043700	1.233168e-01	2.906136e-01	5.860696e-01
0.043800	1.226982e-01	2.898695e-01	5.874323e-01
0.043900	1.220822e-01	2.891248e-01	5.887929e-01
0.044000	1.214689e-01	2.883795e-01	5.901516e-01
0.044100	1.208583e-01	2.876336e-01	5.915082e-01
0.044200	1.202502e-01	2.868870e-01	5.928627e-01
0.044300	1.196448e-01	2.861399e-01	5.942153e-01
0.044400	1.190420e-01	2.853922e-01	5.955658e-01
0.044500	1.184418e-01	2.846440e-01	5.969143e-01
0.044600	1.178441e-01	2.838952e-01	5.982607e-01
0.044700	1.172490e-01	2.831459e-01	5.996051e-01
0.044800	1.166565e-01	2.823961e-01	6.009474e-01
0.044900	1.160665e-01	2.816458e-01	6.022877e-01
0.045000	1.154791e-01	2.808950e-01	6.036260e-01
0.045100	1.148941e-01	2.801437e-01	6.049621e-01
0.045200	1.143117e-01	2.793920e-01	6.062963e-01
0.045300	1.137318e-01	2.786398e-01	6.076284e-01
0.045400	1.131544e-01	2.778872e-01	6.089584e-01
0.045500	1.125794e-01	2.771342e-01	6.102864e-01
0.045600	1.120069e-01	2.763807e-01	6.116123e-01
0.045700	1.114369e-01	2.756269e-01	6.129362e-01
0.045800	1.108693e-01	2.748727e-01	6.142580e-01
0.045900	1.103042e-01	2.741181e-01	6.155778e-01
0.046000	1.097414e-01	2.733631e-01	6.168954e-01
0.046100	1.091811e-01	2.726078e-01	6.182111e-01
0.046200	1.086232e-01	2.718522e-01	6.195246e-01
0.046300	1.080677e-01	2.710962e-01	6.208361e-01
0.046400	1.075145e-01	2.703400e-01	6.221455e-01
0.046500	1.069637e-01	2.695834e-01	6.234529e-01
0.046600	1.064153e-01	2.688265e-01	6.247582e-01
0.046700	1.058692e-01	2.680694e-01	6.260614e-01
0.046800	1.053255e-01	2.673120e-01	6.273625e-01
0.046900	1.047841e-01	2.665543e-01	6.286616e-01
0.047000	1.042450e-01	2.657964e-01	6.299586e-01
0.047100	1.037082e-01	2.650383e-01	6.312535e-01
0.047200	1.031737e-01	2.642800e-01	6.325463e-01
0.047300	1.026415e-01	2.635214e-01	6.338371e-01
0.047400	1.021116e-01	2.627626e-01	6.351258e-01
0.047500	1.015839e-01	2.620037e-01	6.364124e-01
0.047600	1.010585e-01	2.612446e-01	6.376969e-01
0.047700	1.005353e-01	2.604853e-01	6.389794e-01
0.047800	1.000144e-01	2.597258e-01	6.402598e-01
0.047900	9.949567e-02	2.589663e-01	6.415381e-01
0.048000	9.897918e-02	2.582065e-01	6.428143e-01
0.048100	9.846489e-02	2.574467e-01	6.440884e-01
0.048200	9.795280e-02	2.566867e-01	6.453605e-01
0.048300	9.744289e-02	2.559267e-01	6.466304e-01
0.048400	9.693516e-02	2.551665e-01	6.478983e-01
0.048500	9.642960e-02	2.544063e-01	6.491641e-01
0.048600	9.592620e-02	2.536460e-01	6.504278e-01
0.048700	9.542494e-02	2.528856e-01	6.516894e-01
0.048800	9.492582e-02	2.521252e-01	6.529490e-01
0.048900	9.442883e-02	2.513647e-01	6.542064e-01
0.049000	9.393396e-02	2.506042e-01	6.554618e-01
0.049100	9.344120e-02	2.498437e-01	6.567151e-01
0.049200	9.295054e-02	2.490832e-01	6.579663e-01
0.049300	9.246197e-02	2.483226e-01	6.592154e-01
0.049400	9.197549e-02	2.475621e-01	6.604624e-01
0.049500	9.149107e-02	2.468015e-01	6.617074e-01
0.049600	9.100872e-02	2.460410e-01	6.629502e-01
0.049700	9.052843e-02	2.452806e-01	6.641910e-01
0.049800	9.005018e-02	2.445201e-01	6.654297e-01
0.049900	8.957397e-02	2.437597e-01	6.666663e-01
0.050000	8.909979e-02	2.429994e-01	6.679008e-01
0.050100	8.862762e-02	2.422392e-01	6.691332e-01
0.050200	8.815747e-02	2.414790e-01	6.703636e-01
0.050300	8.768931e-02	2.407189e-01	6.715918e-01
0.050400	8.722315e-02	2.399589e-01	6.728180e-01
0.050500	8.675897e-02	2.391990e-01	6.740420e-01
0.050600	8.629677e-02	2.384392e-01	6.752640e-01
0.050700	8.583653e-02	2.376795e-01	6.764839e-01
0.050800	8.537825e-02	2.369200e-01	6.777018e-01
0.050900	8.492192e-02	2.361606e-01	6.789175e-01
0.051000	8.446754e-02	2.354013e-01	6.801311e-01
0.051100	8.401508e-02	2.346422e-01	6.813427e-01
0.051200	8.356455e-02	2.338833e-01	6.825522e-01
0.051300	8.311593e-02	2.331245e-01	6.837596e-01
0.051400	8.266922e-02	2.323659e-01	6.849649e-01
0.051500	8.222441e-02	2.316075e-01	6.861681e-01
0.051600	8.178148e-02	2.308493e-01	6.873692e-01
0.051700	8.134044e-02	2.300912e-01	6.885683e-01
0.051800	8.090128e-02	2.293334e-01	6.897653e-01
0.051900	8.046398e-02	2.285758e-01	6.909602e-01
0.052000	8.002854e-02	2.278185e-01	6.921530e-01
0.052100	7.959494e-02	2.270613e-01	6.933437e-01
0.052200	7.916319e-02	2.263044e-01	6.945324e-01
0.052300	7.873327e-02	2.255478e-01	6.957190e-01
0.052400	7.830518e-02	2.247913e-01	6.969035e-01
0.052500	7.787890e-02	2.240352e-01	6.980859e-01
0.052600	7.745444e-02	2.232793e-01	6.992662e-01
0.052700	7.703177e-02	2.225237e-01	7.004445e-01
0.052800	7.661090e-02	2.217684e-01	7.016207e-01
0.052900	7.619182e-02	2.210134e-01	7.027948e-01
0.053000	7.577451e-02	2.202586e-01	7.039669e-01
0.053100	7.535898e-02	2.195042e-01	7.051368e-01
0.053200	7.494520e-02	2.187501e-01	7.063047e-01
0.053300	7.453318e-02	2.179963e-01	7.074705e-01
0.053400	7.412291e-02	2.172428e-01	7.086343e-01
0.053500	7.371438e-02	2.164896e-01	7.097960e-01
0.053600	7.330759e-02	2.157368e-01	7.109556e-01
0.053700	7.290252e-02	2.149844e-01	7.121131e-01
0.053800	7.249916e-02	2.142322e-01	7.132686e-01
0.053900	7.209752e-02	2.134805e-01	7.144220e-01
0.054000	7.169757e-02	2.127291e-01	7.155734e-01
0.054100	7.129933e-02	2.119780e-01	7.167226e-01
0.054200	7.090277e-02	2.112274e-01	7.178699e-01
0.054300	7.050789e-02	2.104771e-01	7.190150e-01
0.054400	7.011469e-02	2.097272e-01	7.201581e-01
0.054500	6.972315e-02	2.089777e-01	7.212991e-01
0.054600	6.933327e-02	2.082286e-01	7.224381e-01
0.054700	6.894504e-02	2.074799e-01	7.235750e-01
0.054800	6.855846e-02	2.067317e-01	7.247099e-01
0.054900	6.817352e-02	2.059838e-01	7.258427e-01
0.055000	6.779020e-02	2.052364e-01	7.269734e-01
0.055100	6.740851e-02	2.044894e-01	7.281021e-01
0.055200	6.702844e-02	2.037428e-01	7.292287e-01
0.055300	6.664997e-02	2.029967e-01	7.303533e-01
0.055400	6.627311e-02	2.022510e-01	7.314758e-01
0.055500	6.589785e-02	2.015058e-01	7.325963e-01
0.055600	6.552417e-02	2.007611e-01	7.337148e-01
0.055700	6.515208e-02	2.000168e-01	7.348312e-01
0.055800	6.478156e-02	1.992729e-01	7.359455e-01
0.055900	6.441261e-02	1.985296e-01	7.370578e-01
0.056000	6.404522e-02	1.977867e-01	7.381681e-01
0.056100	6.367939e-02	1.970443e-01	7.392763e-01
0.056200	6.331510e-02	1.963024e-01	7.403825e-01
0.056300	6.295236e-02	1.955610e-01	7.414866e-01
0.056400	6.259115e-02	1.948201e-01	7.425887e-01
0.056500	6.223147e-02	1.940797e-01	7.436888e-01
0.056600	6.187331e-02	1.933399e-01	7.447868e-01
0.056700	6.151667e-02	1.926005e-01	7.458828e-01
0.056800	6.116154e-02	1.918617e-01	7.469768e-01
0.056900	6.080791e-02	1.911234e-01	7.480687e-01
0.057000	6.045578e-02	1.903856e-01	7.491586e-01
0.057100	6.010513e-02	1.896484e-01	7.502465e-01
0.057200	5.975597e-02	1.889117e-01	7.513324e-01
0.057300	5.940829e-02	1.881755e-01	7.524162e-01
0.057400	5.906208e-02	1.874399e-01	7.534980e-01
0.057500	5.871733e-02	1.867049e-01	7.545778e-01
0.057600	5.837404e-02	1.859704e-01	7.556556e-01
0.057700	5.803220e-02	1.852365e-01	7.567313e-01
0.057800	5.769181e-02	1.845031e-01	7.578051e-01
0.057900	5.735285e-02	1.837704e-01	7.588768e-01
0.058000	5.701534e-02	1.830382e-01	7.599465e-01
0.058100	5.667924e-02	1.823066e-01	7.610142e-01
0.058200	5.634457e-02	1.815755e-01	7.620799e-01
0.058300	5.601132e-02	1.808451e-01	7.631436e-01
0.058400	5.567947e-02	1.801153e-01	7.642052e-01
0.058500	5.534903e-02	1.793861e-01	7.652649e-01
0.058600	5.501998e-02	1.786574e-01	7.663226e-01
0.058700	5.469233e-02	1.779294e-01	7.673783e-01
0.058800	5.436606e-02	1.772020e-01	7.684319e-01
0.058900	5.404117e-02	1.764752e-01	7.694836e-01
0.059000	5.371766e-02	1.757491e-01	7.705333e-01
0.059100	5.339551e-02	1.750235e-01	7.715809e-01
0.059200	5.307472e-02	1.742986e-01	7.726266e-01
0.059300	5.275529e-02	1.735744e-01	7.736703e-01
0.059400	5.243721e-02	1.728507e-01	7.747120e-01
0.059500	5.212048e-02	1.721278e-01	7.757518e-01
0.059600	5.180508e-02	1.714054e-01	7.767895e-01
0.059700	5.149102e-02	1.706837e-01	7.778253e-01
0.059800	5.117829e-02	1.699627e-01	7.788590e-01
0.059900	5.086687e-02	1.692423e-01	7.798908e-01
0.060000	5.055678e-02	1.685226e-01	7.809206e-01
0.060100	5.024799e-02	1.678035e-01	7.819485e-01
0.060200	4.994051e-02	1.670852e-01	7.829743e-01
0.060300	4.963433e-02	1.663674e-01	7.839982e-01
0.060400	4.932945e-02	1.656504e-01	7.850201e-01
0.060500	4.902585e-02	1.649340e-01	7.860401e-01
0.060600	4.872354e-02	1.642184e-01	7.870581e-01
0.060700	4.842250e-02	1.635034e-01	7.880741e-01
0.060800	4.812274e-02	1.627891e-01	7.890882e-01
0.060900	4.782424e-02	1.620755e-01	7.901003e-01
0.061000	4.752701e-02	1.613626e-01	7.911104e-01
0.061100	4.723103e-02	1.606504e-01	7.921186e-01
0.061200	4.693630e-02	1.599389e-01	7.931248e-01
0.061300	4.664282e-02	1.592281e-01	7.941291e-01
0.061400	4.635058e-02	1.585180e-01	7.951315e-01
0.061500	4.605958e-02	1.578086e-01	7.961318e-01
0.061600	4.576980e-02	1.570999e-01	7.971303e-01
0.061700	4.548126e-02	1.563920e-01	7.981268e-01
0.061800	4.519393e-02	1.556848e-01	7.991213e-01
0.061900	4.490781e-02	1.549783e-01	8.001139e-01
0.062000	4.462291e-02	1.542725e-01	8.011046e-01
0.062100	4.433921e-02	1.535675e-01	8.020933e-01
0.062200	4.405671e-02	1.528632e-01	8.030801e-01
0.062300	4.377540e-02	1.521596e-01	8.040650e-01
0.062400	4.349528e-02	1.514568e-01	8.050479e-01
0.062500	4.321635e-02	1.507547e-01	8.060289e-01
0.062600	4.293859e-02	1.500534e-01	8.070080e-01
0.062700	4.266202e-02	1.493528e-01	8.079852e-01
0.062800	4.238661e-02	1.486530e-01	8.089604e-01
0.062900	4.211236e-02	1.479539e-01	8.099338e-01
0.063000	4.183928e-02	1.472556e-01	8.109052e-01
0.063100	4.156735e-02	1.465580e-01	8.118747e-01
0.063200	4.129656e-02	1.458612e-01	8.128422e-01
0.063300	4.102693e-02	1.451652e-01	8.138079e-01
0.063400	4.075843e-02	1.444699e-01	8.147717e-01
0.063500	4.049108e-02	1.437754e-01	8.157335e-01
0.063600	4.022485e-02	1.430817e-01	8.166935e-01
0.063700	3.995974e-02	1.423887e-01	8.176515e-01
0.063800	3.969576e-02	1.416966e-01	8.186077e-01
0.063900	3.943290e-02	1.410052e-01	8.195619e-01
0.064000	3.917115e-02	1.403146e-01	8.205143e-01
0.064100	3.891050e-02	1.396247e-01	8.214648e-01
0.064200	3.865096e-02	1.389357e-01	8.224133e-01
0.064300	3.839251e-02	1.382475e-01	8.233600e-01
0.064400	3.813516e-02	1.375600e-01	8.243048e-01
0.064500	3.787890e-02	1.368733e-01	8.252478e-01
0.064600	3.762372e-02	1.361875e-01	8.261888e-01
0.064700	3.736963e-02	1.355024e-01	8.271280e-01
0.064800	3.711660e-02	1.348182e-01	8.280652e-01
0.064900	3.686465e-02	1.341347e-01	8.290006e-01
0.065000	3.661377e-02	1.334521e-01	8.299342e-01
0.065100	3.636395e-02	1.327702e-01	8.308658e-01
0.065200	3.611518e-02	1.320892e-01	8.317956e-01
0.065300	3.586747e-02	1.314090e-01	8.327236e-01
0.065400	3.562080e-02	1.307295e-01	8.336497e-01
0.065500	3.537518e-02	1.300510e-01	8.345739e-01
0.065600	3.513060e-02	1.293732e-01	8.354962e-01
0.065700	3.488706e-02	1.286962e-01	8.364167e-01
0.065800	3.464455e-02	1.280201e-01	8.373354e-01
0.065900	3.440306e-02	1.273448e-01	8.382521e-01
0.066000	3.416260e-02	1.266703e-01	8.391671e-01
0.066100	3.392315e-02	1.259967e-01	8.400802e-01
0.066200	3.368472e-02	1.253238e-01	8.409914e-01
0.066300	3.344730e-02	1.246518e-01	8.419009e-01
0.066400	3.321089e-02	1.239807e-01	8.428084e-01
0.066500	3.297548e-02	1.233104e-01	8.437142e-01
0.066600	3.274106e-02	1.226409e-01	8.446181e-01
0.066700	3.250764e-02	1.219722e-01	8.455201e-01
0.066800	3.227521e-02	1.213044e-01	8.464204e-01
0.066900	3.204376e-02	1.206374e-01	8.473188e-01
0.067000	3.181329e-02	1.199713e-01	8.482154e-01
0.067100	3.158380e-02	1.193060e-01	8.491101e-01
0.067200	3.135529e-02	1.186416e-01	8.500031e-01
0.067300	3.112774e-02	1.179780e-01	8.508942e-01
0.067400	3.090115e-02	1.173153e-01	8.517835e-01
0.067500	3.067553e-02	1.166534e-01	8.526710e-01
0.067600	3.045087e-02	1.159924e-01	8.535567e-01
0.067700	3.022715e-02	1.153322e-01	8.544406e-01
0.067800	3.000439e-02	1.146729e-01	8.553227e-01
0.067900	2.978257e-02	1.140145e-01	8.562030e-01
0.068000	2.956169e-02	1.133569e-01	8.570814e-01
0.068100	2.934175e-02	1.127001e-01	8.579581e-01
0.068200	2.912274e-02	1.120443e-01	8.588330e-01
0.068300	2.890467e-02	1.113892e-01	8.597061e-01
0.068400	2.868751e-02	1.107351e-01	8.605774e-01
0.068500	2.847128e-02	1.100818e-01	8.614469e-01
0.068600	2.825597e-02	1.094294e-01	8.623146e-01
0.068700	2.804157e-02	1.087779e-01	8.631806e-01
0.068800	2.782808e-02	1.081272e-01	8.640447e-01
0.068900	2.761550e-02	1.074774e-01	8.649071e-01
0.069000	2.740382e-02	1.068285e-01	8.657677e-01
0.069100	2.719304e-02	1.061804e-01	8.666266e-01
0.069200	2.698316e-02	1.055332e-01	8.674836e-01
0.069300	2.677417e-02	1.048869e-01	8.683389e-01
0.069400	2.656606e-02	1.042415e-01	8.691924e-01
0.069500	2.635884e-02	1.035969e-01	8.700442e-01
0.069600	2.615250e-02	1.029533e-01	8.708942e-01
0.069700	2.594704e-02	1.023105e-01	8.717425e-01
0.069800	2.574245e-02	1.016686e-01	8.725890e-01
0.069900	2.553873e-02	1.010276e-01	8.734337e-01
0.070000	2.533588e-02	1.003874e-01	8.742767e-01
0.070100	2.513388e-02	9.974818e-02	8.751179e-01
0.070200	2.493275e-02	9.910981e-02	8.759574e-01
0.070300	2.473248e-02	9.847233e-02	8.767952e-01
0.070400	2.453305e-02	9.783574e-02	8.776312e-01
0.070500	2.433448e-02	9.720004e-02	8.784655e-01
0.070600	2.413675e-02	9.656523e-02	8.792980e-01
0.070700	2.393986e-02	9.593131e-02	8.801288e-01
0.070800	2.374381e-02	9.529828e-02	8.809579e-01
0.070900	2.354859e-02	9.466615e-02	8.817853e-01
0.071000	2.335421e-02	9.403490e-02	8.826109e-01
0.071100	2.316065e-02	9.340456e-02	8.834348e-01
0.071200	2.296792e-02	9.277510e-02	8.842570e-01
0.071300	2.277601e-02	9.214655e-02	8.850774e-01
0.071400	2.258491e-02	9.151889e-02	8.858962e-01
0.071500	2.239463e-02	9.089213e-02	8.867132e-01
0.071600	2.220517e-02	9.026627e-02	8.875286e-01
0.071700	2.201650e-02	8.964130e-02	8.883422e-01
0.071800	2.182865e-02	8.901724e-02	8.891541e-01
0.071900	2.164159e-02	8.839408e-02	8.899643e-01
0.072000	2.145533e-02	8.777182e-02	8.907728e-01
0.072100	2.126987e-02	8.715046e-02	8.915797e-01
0.072200	2.108520e-02	8.653000e-02	8.923848e-01
0.072300	2.090131e-02	8.591045e-02	8.931882e-01
0.072400	2.071821e-02	8.529181e-02	8.939900e-01
0.072500	2.053589e-02	8.467406e-02	8.947900e-01
0.072600	2.035435e-02	8.405723e-02	8.955884e-01
0.072700	2.017359e-02	8.344129e-02	8.963851e-01
0.072800	1.999359e-02	8.282627e-02	8.971801e-01
0.072900	1.981437e-02	8.221215e-02	8.979735e-01
0.073000	1.963591e-02	8.159894e-02	8.987651e-01
0.073100	1.945821e-02	8.098664e-02	8.995551e-01
0.073200	1.928128e-02	8.037525e-02	9.003435e-01
0.073300	1.910509e-02	7.976477e-02	9.011301e-01
0.073400	1.892967e-02	7.915519e-02	9.019151e-01
0.073500	1.875499e-02	7.854653e-02	9.026985e-01
0.073600	1.858106e-02	7.793878e-02	9.034802e-01
0.073700	1.840787e-02	7.733194e-02	9.042602e-01
0.073800	1.823542e-02	7.672601e-02	9.050386e-01
0.073900	1.806371e-02	7.612099e-02	9.058153e-01
0.074000	1.789274e-02	7.551689e-02	9.065904e-01
0.074100	1.772250e-02	7.491370e-02	9.073638e-01
0.074200	1.755298e-02	7.431142e-02	9.081356e-01
0.074300	1.738420e-02	7.371005e-02	9.089057e-01
0.074400	1.721613e-02	7.310960e-02	9.096743e-01
0.074500	1.704879e-02	7.251007e-02	9.104411e-01
0.074600	1.688216e-02	7.191145e-02	9.112064e-01
0.074700	1.671625e-02	7.131374e-02	9.119700e-01
0.074800	1.655104e-02	7.071695e-02	9.127320e-01
0.074900	1.638655e-02	7.012107e-02	9.134924e-01
0.075000	1.622276e-02	6.952611e-02	9.142511e-01
0.075100	1.605967e-02	6.893207e-02	9.150083e-01
0.075200	1.589729e-02	6.833894e-02	9.157638e-01
0.075300	1.573560e-02	6.774673e-02	9.165177e-01
0.075400	1.557460e-02	6.715544e-02	9.172700e-01
0.075500	1.541429e-02	6.656506e-02	9.180206e-01
0.075600	1.525468e-02	6.597560e-02	9.187697e-01
0.075700	1.509574e-02	6.538706e-02	9.195172e-01
0.075800	1.493749e-02	6.479943e-02	9.202631e-01
0.075900	1.477993e-02	6.421273e-02	9.210073e-01
0.076000	1.462303e-02	6.362694e-02	9.217500e-01
0.076100	1.446682e-02	6.304207e-02	9.224911e-01
0.076200	1.431127e-02	6.245812e-02	9.232306e-01
0.076300	1.415639e-02	6.187508e-02	9.239685e-01
0.076400	1.400218e-02	6.129297e-02	9.247049e-01
0.076500	1.384863e-02	6.071177e-02	9.254396e-01
0.076600	1.369574e-02	6.013149e-02	9.261728e-01
0.076700	1.354352e-02	5.955213e-02	9.269044e-01
0.076800	1.339194e-02	5.897369e-02	9.276344e-01
0.076900	1.324102e-02	5.839616e-02	9.283628e-01
0.077000	1.309075e-02	5.781956e-02	9.290897e-01
0.077100	1.294112e-02	5.724387e-02	9.298150e-01
0.077200	1.279215e-02	5.666911e-02	9.305387e-01
0.077300	1.264381e-02	5.609526e-02	9.312609e-01
0.077400	1.249611e-02	5.552233e-02	9.319816e-01
0.077500	1.234905e-02	5.495032e-02	9.327006e-01
0.077600	1.220262e-02	5.437923e-02	9.334181e-01
0.077700	1.205683e-02	5.380906e-02	9.341341e-01
0.077800	1.191166e-02	5.323980e-02	9.348485e-01
0.077900	1.176713e-02	5.267147e-02	9.355614e-01
0.078000	1.162321e-02	5.210405e-02	9.362727e-01
0.078100	1.147992e-02	5.153755e-02	9.369825e-01
0.078200	1.133724e-02	5.097197e-02	9.376908e-01
0.078300	1.119519e-02	5.040731e-02	9.383975e-01
0.078400	1.105374e-02	4.984356e-02	9.391027e-01
0.078500	1.091291e-02	4.928074e-02	9.398064e-01
0.078600	1.077269e-02	4.871883e-02	9.405085e-01
0.078700	1.063307e-02	4.815784e-02	9.412091e-01
0.078800	1.049406e-02	4.759776e-02	9.419082e-01
0.078900	1.035565e-02	4.703861e-02	9.426057e-01
0.079000	1.021784e-02	4.648037e-02	9.433018e-01
0.079100	1.008062e-02	4.592305e-02	9.439963e-01
0.079200	9.944001e-03	4.536664e-02	9.446894e-01
0.079300	9.807973e-03	4.481115e-02	9.453809e-01
0.079400	9.672534e-03	4.425658e-02	9.460709e-01
0.079500	9.537683e-03	4.370293e-02	9.467594e-01
0.079600	9.403416e-03	4.315019e-02	9.474464e-01
0.079700	9.269731e-03	4.259836e-02	9.481319e-01
0.079800	9.136627e-03	4.204745e-02	9.488159e-01
0.079900	9.004100e-03	4.149746e-02	9.494984e-01
0.080000	8.872149e-03	4.094838e-02	9.501795e-01
0.080100	8.740771e-03	4.040022e-02	9.508590e-01
0.080200	8.609964e-03	3.985297e-02	9.515371e-01
0.080300	8.479725e-03	3.930663e-02	9.522136e-01
0.080400	8.350052e-03	3.876121e-02	9.528887e-01
0.080500	8.220943e-03	3.821670e-02	9.535624e-01
0.080600	8.092395e-03	3.767311e-02	9.542345e-01
0.080700	7.964407e-03	3.713042e-02	9.549052e-01
0.080800	7.836976e-03	3.658865e-02	9.555744e-01
0.080900	7.710099e-03	3.604780e-02	9.562421e-01
0.081000	7.583775e-03	3.550785e-02	9.569084e-01
0.081100	7.458002e-03	3.496881e-02	9.575732e-01
0.081200	7.332776e-03	3.443069e-02	9.582365e-01
0.081300	7.208096e-03	3.389348e-02	9.588984e-01
0.081400	7.083960e-03	3.335717e-02	9.595589e-01
0.081500	6.960366e-03	3.282178e-02	9.602179e-01
0.081600	6.837310e-03	3.228730e-02	9.608754e-01
0.081700	6.714792e-03	3.175372e-02	9.615315e-01
0.081800	6.592809e-03	3.122106e-02	9.621861e-01
0.081900	6.471358e-03	3.068930e-02	9.628393e-01
0.082000	6.350438e-03	3.015845e-02	9.634911e-01
0.082100	6.230046e-03	2.962851e-02	9.641414e-01
0.082200	6.110181e-03	2.909947e-02	9.647903e-01
0.082300	5.990840e-03	2.857134e-02	9.654378e-01
0.082400	5.872021e-03	2.804412e-02	9.660839e-01
0.082500	5.753722e-03	2.751780e-02	9.667285e-01
0.082600	5.635941e-03	2.699239e-02	9.673717e-01
0.082700	5.518676e-03	2.646788e-02	9.680134e-01
0.082800	5.401925e-03	2.594428e-02	9.686538e-01
0.082900	5.285685e-03	2.542158e-02	9.692927e-01
0.083000	5.169954e-03	2.489978e-02	9.699303e-01
0.083100	5.054732e-03	2.437889e-02	9.705664e-01
0.083200	4.940014e-03	2.385889e-02	9.712011e-01
